#run,lumi,evt
1,266,53150
1,272,54215
1,2571,14171
1,2555,10831
1,3230,145881
1,3455,190811
1,3778,255507
1,3783,256565
1,6383,276547
1,9304,360771
1,9434,386633
1,9642,428227
1,9642,428253
1,9651,430200
1,9778,455529
1,9895,478912
1,6719,343649
1,16386,277021
1,16492,298385
1,16514,302636
1,16840,367806
1,16840,367956
1,16847,369242
1,16893,378457
1,17116,423098
1,17116,423154
1,17237,447250
1,17237,447276
1,17258,451519
1,17308,461551
1,17329,465774
1,17319,463761
1,17391,478090
1,17463,492486
1,17474,494674
1,436,87074
1,3754,250744
1,4240,347951
1,4763,452569
1,4930,485994
1,4900,479828
1,5621,124021
1,5522,104303
1,4961,492189
1,4967,493228
1,4967,493319
1,4982,496292
1,4999,499669
1,5186,37083
1,7458,491544
1,7912,82217
1,7792,58380
1,7796,59071
1,8314,162614
1,8711,242174
1,8919,283630
1,9286,357068
1,9051,310005
1,9051,310191
1,9820,463834
1,8900,279865
1,10331,66108
1,9684,436610
1,9504,400749
1,9511,402185
1,10093,18526
1,12207,441375
1,12410,481954
1,13810,261882
1,13860,271859
1,14073,314537
1,5466,93039
1,5482,96277
1,5651,130063
1,5717,143384
1,5728,145505
1,6289,257767
1,10190,37811
1,10288,57556
1,10705,140940
1,10232,46316
1,10350,69974
1,10305,60950
1,10707,141264
1,10439,87790
1,10598,119505
1,10071,14118
1,10432,86240
1,10432,86278
1,10323,64509
1,10595,118848
1,10587,117318
1,10601,120035
1,10417,83247
1,10922,184360
1,10783,156444
1,10343,68433
1,10415,82878
1,10420,83860
1,10661,132135
1,10723,144410
1,10731,146002
1,10906,181154
1,10964,192674
1,10747,149269
1,10820,163816
1,10917,183377
1,11003,200595
1,11001,200107
1,11010,201827
1,11311,262063
1,11263,252507
1,11301,260176
1,11345,268853
1,11345,268954
1,12096,419076
1,3145,128931
1,4241,348018
1,17180,436000
1,9383,376540
1,9969,493761
1,9969,493764
1,16979,395655
1,11560,311816
1,11663,332422
1,11976,395153
1,11819,363732
1,11986,397053
1,12038,407563
1,12103,420553
1,12827,65205
1,12827,65250
1,12806,61194
1,12857,71309
1,12861,72080
1,12816,63136
1,12854,70756
1,12830,65837
1,12868,73420
1,12884,76626
1,12899,79672
1,13607,221236
1,13774,254655
1,16667,333325
1,16695,338899
1,16792,358355
1,16752,350373
1,4938,487407
1,4926,485197
1,5439,87629
1,9724,444779
1,9862,472362
1,9773,454549
1,9925,484872
1,13102,120224
1,12860,71907
1,13068,113539
1,12964,92779
1,13045,108872
1,13002,100258
1,13044,108728
1,13216,143166
1,12188,437421
1,12452,490254
1,16903,380436
1,16903,380475
1,16796,359113
1,16797,359316
1,16884,376711
1,17076,415019
1,17198,439457
1,17334,466640
1,17302,460220
1,17028,405489
1,17028,405494
1,17105,420904
1,17196,439025
1,17196,439032
1,17284,456745
1,17226,445067
1,17164,432641
1,17188,437484
1,17216,443182
1,248,49539
1,131,26192
1,2746,49067
1,2746,49086
1,3578,215585
1,4065,312980
1,4160,331945
1,2461,492089
1,2843,68401
1,2572,14395
1,2655,30829
1,3278,155446
1,3138,127592
1,3600,219991
1,3712,242369
1,3906,281034
1,3640,227853
1,3640,227994
1,3700,239857
1,13993,298509
1,13993,298523
1,16238,247410
1,16272,254346
1,16404,280734
1,16417,283316
1,16453,290465
1,16544,308760
1,16597,319332
1,16602,320253
1,16610,321837
1,16653,330549
1,16668,333568
1,16704,340676
1,16748,349562
1,16734,346749
1,16734,346753
1,16745,348859
1,17002,400337
1,16975,394805
1,16975,394885
1,17045,408821
1,7983,96562
1,7776,55078
1,14126,325006
1,14126,325069
1,14126,325116
1,1482,296353
1,1673,334441
1,7061,412101
1,9255,350936
1,9580,415925
1,16259,251673
1,16195,238839
1,7724,44722
1,12812,62290
1,11726,345170
1,11046,209099
1,11379,275788
1,11357,271261
1,11582,316344
1,11664,332739
1,11507,301227
1,11785,356966
1,11873,374465
1,11983,396598
1,11897,379391
1,12060,411856
1,12060,411954
1,12068,413566
1,12014,402764
1,12020,403969
1,12366,473117
1,12409,481753
1,11975,394824
1,12061,412058
1,12047,409210
1,12130,425833
1,12142,428372
1,12412,482384
1,12993,98426
1,12728,45566
1,12863,72560
1,12863,72598
1,13451,190012
1,13351,170170
1,13398,179540
1,11936,387130
1,11949,389639
1,11949,389687
1,11996,399160
1,12048,409408
1,12129,425676
1,12117,423307
1,12146,429184
1,12193,438412
1,12190,437881
1,12225,444913
1,12719,43618
1,12990,97914
1,12327,465376
1,12401,480134
1,12422,484218
1,12433,486599
1,12454,490706
1,5236,47062
1,5770,153916
1,5766,153180
1,5776,155030
1,5798,159523
1,5921,184183
1,5957,191289
1,5969,193693
1,5984,196755
1,6967,393336
1,6971,394105
1,7023,404466
1,7030,405895
1,7088,417418
1,7067,413219
1,7087,417293
1,7099,419734
1,7092,418233
1,7127,425276
1,7129,425678
1,8442,188268
1,8442,188364
1,8885,276970
1,8634,226755
1,8886,277125
1,8852,270234
1,8975,294946
1,10005,980
1,10016,3014
1,10068,13600
1,10132,26213
1,9095,318830
1,9098,319519
1,10605,120836
1,11114,222724
1,11473,294464
1,11778,355450
1,11518,303561
1,11518,303577
1,11602,320277
1,11807,361230
1,11686,337019
1,11910,381865
1,10782,156275
1,10866,173172
1,10858,171533
1,10891,178019
1,10901,180116
1,10936,187003
1,11015,202927
1,3868,273448
1,3868,273517
1,4066,313139
1,4135,326985
1,9332,366247
1,16399,279637
1,16853,370555
1,16546,309159
1,16618,323539
1,16615,322813
1,5802,160373
1,7753,50520
1,7759,51659
1,7706,41134
1,7706,41163
1,7706,41181
1,7989,97673
1,13036,107076
1,13393,178401
1,9244,348800
1,12242,448241
1,12317,463244
1,12317,463259
1,12259,451702
1,12259,451756
1,12348,469413
1,12331,466010
1,12331,466186
1,12414,482662
1,12611,22006
1,12495,498884
1,12612,22248
1,12552,10336
1,13103,120530
1,12601,20021
1,12636,27127
1,12600,19892
1,12603,20415
1,12632,26294
1,12682,36313
1,12724,44627
1,12724,44791
1,16970,393868
1,16548,309571
1,16721,344058
1,17433,486486
1,17414,482708
1,17440,487805
1,16526,305129
1,16505,300999
1,16480,295953
1,16633,326600
1,16590,317908
1,16681,336117
1,16663,332541
1,16750,349994
1,63,12559
1,158,31506
1,8728,245524
1,7787,57270
1,9300,359857
1,4087,317297
1,4105,320944
1,4105,320970
1,1260,251896
1,13298,159412
1,8258,151427
1,8412,182324
1,15655,130889
1,15832,166239
1,15832,166362
1,16690,337995
1,16320,263947
1,16198,239505
1,16260,251878
1,16352,270292
1,10699,139746
1,13182,136347
1,11189,237621
1,11527,305346
1,11714,342620
1,8219,143751
1,11612,322346
1,11855,370824
1,11613,322420
1,11661,332054
1,11898,379579
1,11676,335054
1,11678,335518
1,11695,338910
1,11708,341570
1,11717,343239
1,11730,345975
1,11739,347650
1,11728,345580
1,11902,380313
1,11914,382649
1,11979,395725
1,10586,117084
1,10326,65023
1,10341,68086
1,10431,86009
1,10481,96026
1,10643,128567
1,10779,155774
1,11165,232918
1,12571,14010
1,12563,12599
1,12568,13508
1,12985,96827
1,699,139609
1,743,148444
1,997,199340
1,1010,201850
1,1087,217235
1,1126,225144
1,5118,23599
1,6306,261149
1,6339,267708
1,6337,267214
1,6345,268941
1,6413,282573
1,6437,287246
1,6415,282960
1,6418,283476
1,6427,285298
1,6430,285900
1,5975,194811
1,5750,149983
1,5946,189072
1,5956,191154
1,6148,229552
1,6149,229675
1,6170,233855
1,6406,281130
1,6408,281424
1,6424,284639
1,6424,284690
1,8405,180900
1,8842,268234
1,9500,399833
1,6355,270860
1,6460,291857
1,6557,311398
1,6579,315705
1,6594,318753
1,7148,429551
1,8336,167003
1,9020,303982
1,6511,302163
1,7419,483782
1,7419,483797
1,7488,497408
1,7944,88750
1,7956,91131
1,8788,257595
1,8795,258809
1,8916,283181
1,8917,283255
1,9019,303694
1,6741,348168
1,6744,348615
1,6756,351181
1,6757,351299
1,6948,389482
1,6957,391249
1,6960,391857
1,6962,392215
1,6892,378397
1,6900,379853
1,6926,385023
1,6924,384760
1,6923,384453
1,6951,390164
1,6940,387882
1,7095,418880
1,9117,323269
1,528,105526
1,798,159508
1,2053,410429
1,1266,253193
1,1723,344480
1,1723,344575
1,10995,198867
1,12683,36479
1,11413,282501
1,11044,208732
1,1938,387424
1,1938,387459
1,1922,384358
1,2183,436523
1,2733,46537
1,3444,188631
1,3469,193752
1,8217,143310
1,5189,37691
1,5381,76117
1,5488,97500
1,5488,97527
1,9086,317041
1,5538,107585
1,2037,407253
1,8499,199695
1,8529,205633
1,7016,403064
1,7121,424122
1,8784,256768
1,6715,342833
1,6861,372094
1,6941,388044
1,5313,62457
1,5320,63855
1,5356,71138
1,5396,79104
1,5400,79854
1,5475,94908
1,8246,149105
1,5551,110058
1,5551,110065
1,5631,126130
1,6459,291717
1,6467,293366
1,6462,292332
1,6464,292764
1,6565,312991
1,6568,313525
1,6571,314195
1,6576,315031
1,6588,317587
1,6596,319162
1,6596,319189
1,6602,320248
1,7156,431178
1,7182,436378
1,7193,438454
1,7198,439491
1,7198,439535
1,7201,440137
1,7208,441451
1,7229,445714
1,7230,445996
1,7457,491317
1,7403,480431
1,7450,489879
1,7482,496306
1,7514,2647
1,7914,82686
1,7934,86779
1,8064,112638
1,8084,116721
1,8262,152284
1,8262,152358
1,8308,161525
1,8403,180574
1,8632,226385
1,10182,36303
1,10182,36336
1,10186,37013
1,10279,55651
1,10521,104138
1,10627,125281
1,10880,175905
1,10061,12155
1,10195,38915
1,10762,152366
1,10169,33699
1,10158,31453
1,10352,70221
1,10227,45374
1,10392,78400
1,10541,108175
1,10755,150961
1,10893,178459
1,10983,196526
1,10983,196555
1,11107,221290
1,11107,221305
1,11225,244941
1,11168,233421
1,11461,292102
1,11656,331197
1,11607,321351
1,633,126598
1,654,130693
1,650,129826
1,862,172213
1,803,160547
1,807,161353
1,1307,261345
1,2084,416637
1,1827,365304
1,1005,200929
1,1099,219602
1,1339,267770
1,449,89682
1,8735,246849
1,490,97946
1,2761,52167
1,2997,99304
1,8727,245397
1,8736,247179
1,2962,92328
1,2962,92368
1,9908,481401
1,6040,207902
1,6040,207986
1,6318,263470
1,6675,334851
1,1353,270514
1,1640,327831
1,1804,360747
1,2254,450729
1,5589,117797
1,7793,58507
1,6655,330932
1,6654,330711
1,2327,465289
1,2162,432211
1,2337,467223
1,3272,154337
1,10052,10249
1,10122,24295
1,10771,154134
1,3517,203280
1,2447,489228
1,2470,493988
1,2573,14424
1,3014,102708
1,3312,162346
1,8723,244545
1,4899,479618
1,4899,479749
1,3750,249972
1,3948,289486
1,4764,452634
1,3523,204508
1,3047,109310
1,3318,163407
1,3318,163410
1,3072,114222
1,3377,175294
1,3078,115535
1,3374,174781
1,3218,143519
1,3401,180058
1,3539,207718
1,4228,345417
1,4822,464216
1,4822,464391
1,6477,295321
1,6388,277475
1,6431,286040
1,5149,29608
1,5325,64842
1,5587,117222
1,6582,316325
1,7050,409829
1,7726,45171
1,7777,55371
1,1433,286454
1,5993,198459
1,4079,315738
1,3858,271500
1,4494,398628
1,14161,332082
1,9075,314998
1,9591,418200
1,11806,361073
1,11614,322688
1,11768,353529
1,11802,360247
1,11367,273213
1,11463,292508
1,10718,143578
1,10591,118104
1,10850,169939
1,10797,159264
1,10971,194056
1,11119,223682
1,11404,280787
1,11404,280789
1,13376,175067
1,13801,260074
1,13668,233526
1,13734,246778
1,13863,272415
1,13308,161537
1,13712,242211
1,13647,229213
1,15657,131238
1,15673,134560
1,16086,217062
1,16369,273654
1,16518,303577
1,16490,297902
1,16782,356248
1,16785,356952
1,16803,360554
1,287,57345
1,7798,59584
1,8944,288795
1,8347,169329
1,8102,120279
1,8327,165392
1,8331,166127
1,2046,409087
1,146,29011
1,689,137644
1,1498,299465
1,1763,352539
1,8191,138024
1,8401,180192
1,8820,263840
1,8628,225434
1,9528,405535
1,3043,108489
1,3043,108517
1,3944,288659
1,4893,478443
1,5922,184328
1,9173,334542
1,9516,403017
1,9365,372993
1,9491,398148
1,6621,324091
1,6621,324189
1,7915,82858
1,8319,163648
1,7740,47930
1,7903,80576
1,8724,244709
1,6284,256602
1,5507,101293
1,5521,104052
1,7397,479335
1,7444,488617
1,7444,488616
1,6514,302620
1,6514,302648
1,8731,246050
1,9096,319007
1,9143,328420
1,9143,328548
1,10928,185525
1,11605,320967
1,12329,465777
1,12656,31079
1,12656,31156
1,12686,37083
1,13009,101688
1,13197,139313
1,13516,203081
1,13765,253000
1,12097,419354
1,12553,10453
1,12584,16688
1,12569,13680
1,12512,2362
1,12689,37784
1,12645,28862
1,12841,68159
1,12977,95264
1,13256,151042
1,13020,103858
1,13035,106830
1,8263,152499
1,15750,149940
1,16444,288772
1,16445,288957
1,16464,292704
1,16541,308148
1,16596,319102
1,7576,15033
1,8360,171946
1,5883,176438
1,9359,371730
1,9409,381711
1,9631,426020
1,9473,394466
1,9705,440801
1,9705,440952
1,9696,439012
1,9738,447459
1,9926,485135
1,15993,198593
1,13998,299403
1,13583,216447
1,13583,216520
1,13624,224789
1,13598,219544
1,13695,238903
1,13807,261355
1,13725,244802
1,13763,252583
1,13745,248818
1,17060,411996
1,16885,376975
1,16935,386811
1,16941,388083
1,17213,442557
1,17011,402151
1,17010,401859
1,17072,414209
1,17081,416193
1,17256,451103
1,17441,488139
1,17472,494270
1,17385,476856
1,17358,471519
1,17401,480169
1,17410,481927
1,17452,490359
1,17462,492394
1,12804,60606
1,12882,76215
1,12882,76252
1,12944,88800
1,13144,128685
1,13144,128732
1,13109,121769
1,12920,83893
1,12939,87758
1,13011,102107
1,13043,108448
1,13085,116811
1,13085,116873
1,13224,144635
1,13095,118871
1,13483,196549
1,13483,196591
1,13489,197669
1,13207,141352
1,13219,143775
1,13086,117012
1,13158,131506
1,13179,135779
1,13263,152590
1,13512,202382
1,13336,167162
1,13336,167174
1,13258,151586
1,13200,139953
1,13252,150377
1,13150,129929
1,13324,164742
1,13374,174717
1,13697,239315
1,13793,258536
1,13800,259848
1,13800,259865
1,14166,333024
1,13433,186542
1,13244,148773
1,13581,216123
1,13626,225137
1,13502,200305
1,13686,237129
1,13874,274746
1,14025,304975
1,14075,314995
1,13277,155384
1,13511,202178
1,13344,168795
1,13445,188910
1,13361,172192
1,13421,184113
1,13593,218583
1,13476,195159
1,13535,206898
1,13672,234249
1,13665,232995
1,13950,289816
1,13828,265447
1,13828,265540
1,14092,318261
1,13953,290591
1,17314,462623
1,17413,482585
1,13651,230153
1,13698,239526
1,13856,271090
1,14001,300022
1,13995,298820
1,14031,306015
1,14028,305550
1,3159,131648
1,2558,11459
1,2559,11643
1,3432,186232
1,3650,229882
1,3650,229900
1,1761,352127
1,761,152018
1,5106,21192
1,7641,28078
1,7771,54087
1,7703,40598
1,7762,52336
1,9254,350787
1,6001,200147
1,4177,335357
1,4519,403798
1,3753,250590
1,4096,319123
1,4503,400436
1,4185,336940
1,4264,352659
1,4133,326562
1,9722,444229
1,9954,490663
1,16283,256493
1,16240,247940
1,16243,248477
1,16384,276653
1,16354,270660
1,16424,284608
1,8392,178207
1,11317,263259
1,11317,263322
1,11328,265521
1,11358,271564
1,9595,418868
1,11927,385339
1,11894,378627
1,11893,378561
1,11685,336946
1,11687,337385
1,10125,24948
1,10130,25919
1,10596,119125
1,10409,81699
1,10425,84830
1,10497,99324
1,11019,203738
1,10937,187343
1,11709,341720
1,11636,327196
1,11372,274246
1,11151,230070
1,11110,221874
1,11384,276673
1,11213,242533
1,11219,243763
1,10868,173528
1,10889,177773
1,11531,306092
1,11011,202001
1,11024,204704
1,11133,226478
1,11349,269744
1,11508,301456
1,11554,310704
1,11733,346415
1,11767,353353
1,12008,401464
1,12364,472729
1,12595,18852
1,12933,86546
1,12667,33373
1,12139,427608
1,12257,451240
1,12276,455024
1,12160,431843
1,12165,432880
1,12466,493179
1,12328,465554
1,12309,461621
1,6181,236085
1,6187,237259
1,6179,235685
1,6195,238971
1,6188,237536
1,6204,240716
1,6269,253619
1,6286,257027
1,6290,257820
1,6326,265018
1,6326,265070
1,7305,460879
1,6730,345833
1,6758,351420
1,6794,358659
1,6804,360645
1,6842,368393
1,6859,371632
1,6858,371536
1,6856,371007
1,6882,376310
1,10098,19556
1,10414,82643
1,10167,33298
1,11568,313438
1,12432,486381
1,12487,497202
1,12121,424037
1,11316,263140
1,10507,101234
1,10532,106264
1,10670,133932
1,10715,142981
1,10931,186081
1,11063,212535
1,12205,440876
1,10636,127161
1,10613,122514
1,10690,137977
1,10886,177173
1,10818,163498
1,11586,317133
1,11801,360118
1,11981,396031
1,11864,372700
1,11918,383531
1,11940,387948
1,12033,406530
1,12927,85202
1,17485,496882
1,17486,497092
1,17498,499507
1,8993,298555
1,4083,316436
1,9113,322468
1,9320,363867
1,9321,364038
1,2819,63751
1,8880,275912
1,14147,329277
1,14180,335994
1,14180,335998
1,14216,343164
1,12783,56596
1,15109,21641
1,15109,21670
1,15109,21767
1,15109,21790
1,6839,367684
1,6649,329752
1,9800,459994
1,3463,192542
1,8354,170714
1,8354,170800
1,9306,361173
1,9590,417836
1,9614,422735
1,16075,214890
1,7473,494424
1,7475,494914
1,8757,251287
1,8774,254728
1,8059,111782
1,9457,391326
1,14155,330856
1,14223,344544
1,14253,350445
1,14419,383605
1,14789,457771
1,14990,497976
1,15037,7335
1,15080,15930
1,15079,15609
1,15351,70196
1,15393,78590
1,15153,30532
1,15090,17975
1,15084,16693
1,15084,16763
1,15095,18968
1,15132,26281
1,15469,93791
1,15392,78256
1,15476,95078
1,1612,322272
1,2365,472919
1,1908,381478
1,1609,321647
1,1607,321201
1,2387,477327
1,2426,485121
1,3558,211540
1,3558,211570
1,7875,74961
1,1472,294377
1,1646,329147
1,1989,397786
1,1748,349525
1,2008,401560
1,2057,411292
1,2033,406466
1,2068,413553
1,2141,428183
1,1538,307592
1,1643,328503
1,2167,433232
1,2250,449815
1,7553,10452
1,7184,436653
1,9513,402497
1,9515,402923
1,9522,404251
1,2157,431243
1,2475,494898
1,2480,495952
1,3046,109055
1,3048,109502
1,3054,110738
1,3250,149966
1,3216,143060
1,3490,197960
1,4062,312307
1,3597,219348
1,3990,297949
1,3992,298367
1,2450,489866
1,3027,105237
1,3027,105282
1,3044,108646
1,2674,34775
1,3039,107748
1,5219,43705
1,3698,239534
1,3974,294659
1,3974,294751
1,3985,296821
1,3964,292790
1,4012,302321
1,4583,416439
1,4325,364928
1,4330,365948
1,4346,369035
1,4314,362789
1,4378,375599
1,5000,499896
1,5628,125446
1,5628,125494
1,5643,128516
1,5643,128526
1,5765,152968
1,263,52487
1,263,52503
1,115,22941
1,331,66159
1,8255,150958
1,572,114341
1,589,117681
1,840,167895
1,601,120186
1,982,196386
1,990,197857
1,1313,262471
1,5928,185510
1,1340,267903
1,1379,275691
1,1283,256422
1,1988,397491
1,2330,465990
1,2065,412920
1,7532,6336
1,8093,118464
1,8093,118553
1,8093,118594
1,7960,91824
1,7845,68952
1,7846,69162
1,7853,70515
1,7867,73318
1,7849,69684
1,7835,66977
1,9560,411845
1,16504,300796
1,16400,279878
1,16515,302844
1,16558,311593
1,15009,1748
1,15015,2985
1,15029,5730
1,15019,3675
1,15087,17238
1,15061,12167
1,15234,46606
1,15234,46756
1,15230,45852
1,15249,49744
1,15247,49249
1,14993,498419
1,15775,154893
1,15776,155153
1,15860,171959
1,15918,183588
1,16007,201362
1,15900,179847
1,15908,181588
1,15965,192998
1,1907,381273
1,2090,417968
1,2288,457552
1,7289,457708
1,7289,457739
1,2727,45202
1,2552,10283
1,8147,129269
1,5303,60542
1,5335,66867
1,7436,487089
1,4395,378893
1,9553,410522
1,5533,106482
1,5050,9871
1,5053,10557
1,6063,212558
1,9425,384931
1,15963,192510
1,16078,215573
1,7246,449003
1,7575,14828
1,8115,122993
1,7784,56772
1,6067,213331
1,7865,72944
1,7572,14367
1,7399,479630
1,7427,485296
1,7920,83824
1,7920,83870
1,7653,30481
1,8019,103633
1,7812,62235
1,8533,206504
1,8896,279104
1,7366,473112
1,9111,322139
1,9426,385108
1,7781,56112
1,8004,100623
1,8522,204255
1,9048,309476
1,9109,321658
1,9792,458349
1,15346,69002
1,15288,57472
1,15317,63228
1,15338,67584
1,15367,73371
1,15470,93886
1,15472,94344
1,16420,283854
1,511,102152
1,554,110758
1,554,110778
1,1333,266446
1,2693,38470
1,2974,94605
1,3234,146640
1,3542,208362
1,3693,238486
1,592,118288
1,629,125707
1,684,136740
1,816,163073
1,1002,200341
1,1510,301931
1,6994,398687
1,7373,474593
1,8625,224972
1,8343,168407
1,8479,195704
1,8770,253920
1,14335,366926
1,14337,367260
1,14347,369353
1,14356,371176
1,15038,7478
1,15193,38595
1,14372,374382
1,15091,18031
1,14430,385999
1,14448,389483
1,14632,426273
1,3773,254436
1,3773,254575
1,4756,451110
1,3896,279044
1,4114,322712
1,4028,305553
1,4511,402007
1,4799,459626
1,4873,474587
1,15790,157849
1,15812,162254
1,15996,199037
1,15816,163058
1,15885,176846
1,15836,167005
1,15842,168298
1,15906,181049
1,15878,175457
1,15911,182064
1,16217,243343
1,16220,243932
1,16274,254618
1,16274,254694
1,16327,265280
1,935,186875
1,941,188134
1,1930,385810
1,1040,207969
1,1207,241337
1,1207,241380
1,1121,224149
1,1071,214164
1,1298,259458
1,358,71563
1,8585,216950
1,15643,128537
1,15656,131021
1,15656,131095
1,15711,142039
1,9179,335659
1,993,198497
1,1103,220550
1,1522,304317
1,1228,245513
1,1421,284166
1,1846,369047
1,1857,371236
1,5345,68965
1,4844,468601
1,6280,255860
1,6055,210999
1,6295,258959
1,6300,259810
1,9355,370842
1,7329,465710
1,7270,453864
1,5714,142735
1,4909,481603
1,6059,211618
1,6115,222837
1,6369,273660
1,5063,12591
1,5437,87321
1,5442,88337
1,8011,102028
1,8311,162129
1,8414,182727
1,5565,112991
1,5581,116096
1,9639,427634
1,6292,258248
1,8780,255868
1,5670,133856
1,5684,136779
1,7257,451211
1,8039,107663
1,6534,306784
1,7462,492399
1,7483,496495
1,6088,217578
1,6109,221628
1,8038,107440
1,8038,107565
1,2170,433811
1,2172,434202
1,1869,373643
1,6498,299528
1,6498,299585
1,178,35463
1,2981,96098
1,8058,111466
1,8149,129676
1,7894,78601
1,8737,247270
1,8982,296372
1,6619,323706
1,7235,446819
1,9135,326833
1,2253,450596
1,2467,493247
1,2485,496966
1,5843,168561
1,2673,34415
1,3148,129416
1,3912,282290
1,4274,354716
1,9746,449128
1,9931,486127
1,9781,456166
1,5060,11940
1,5490,97979
1,7594,18617
1,7594,18635
1,7604,20755
1,5556,111033
1,5556,111106
1,5612,122347
1,5704,140791
1,4214,342655
1,4479,395609
1,14315,362841
1,9114,322652
1,14573,414483
1,14729,445705
1,16085,216939
1,16169,233608
1,16169,233670
1,16191,238090
1,8509,201740
1,8535,206894
1,8586,217163
1,8595,218939
1,8592,218381
1,15690,137888
1,15704,140692
1,15704,140759
1,16174,234637
1,6995,398885
1,7317,463284
1,7322,464388
1,7325,464913
1,7323,464445
1,9953,490458
1,6645,328891
1,7340,467931
1,8389,177699
1,15485,96918
1,15490,97919
1,15575,114987
1,15592,118221
1,15789,157748
1,204,40791
1,128,25460
1,636,127104
1,661,132098
1,940,187980
1,956,191081
1,1256,251155
1,5542,108346
1,1101,220007
1,1167,233219
1,1244,248729
1,1251,250038
1,1573,314482
1,1512,302285
1,1544,308761
1,1595,318963
1,4269,353650
1,1550,309905
1,5697,139268
1,2923,84569
1,3466,193058
1,3181,136024
1,3181,136122
1,3178,135429
1,5047,9388
1,3842,268287
1,2665,32839
1,3305,160929
1,8267,153208
1,8959,291751
1,6978,395412
1,2523,4502
1,2702,40236
1,2931,86026
1,3133,126403
1,3468,193518
1,3468,193564
1,8356,171019
1,8177,135259
1,8650,229852
1,8650,229999
1,4664,432710
1,2725,44981
1,3465,192846
1,14145,328948
1,14146,329144
1,14148,329517
1,14152,330204
1,14156,331029
1,14224,344657
1,14179,335743
1,14808,461464
1,14816,463187
1,14816,463191
1,14560,411903
1,15064,12617
1,15074,14649
1,9121,324076
1,9222,344255
1,9253,350411
1,9983,496554
1,9984,496630
1,41,8063
1,8762,252257
1,8789,257614
1,2984,96678
1,3513,202540
1,3615,222962
1,3795,258829
1,116,23119
1,394,78789
1,497,99212
1,7832,66223
1,2512,2210
1,1409,281691
1,1306,261034
1,1842,368348
1,4668,433503
1,191,38169
1,14408,381457
1,14299,359621
1,14318,363457
1,14433,386590
1,14449,389767
1,14460,391843
1,14899,479653
1,14652,430253
1,14652,430373
1,14587,417275
1,14725,444894
1,3326,165193
1,2668,33465
1,2630,25893
1,2556,11072
1,3336,167144
1,2628,25492
1,2888,77528
1,2266,453003
1,2398,479548
1,2394,478786
1,6111,222050
1,138,27581
1,2777,55399
1,1066,213128
1,1098,219533
1,2424,484651
1,2580,15972
1,14305,360950
1,15222,44353
1,15391,78040
1,1032,206375
1,4175,334851
1,14554,410708
1,1445,288972
1,2004,400658
1,1682,336205
1,1670,333804
1,1677,335204
1,1735,346852
1,1795,358856
1,1871,374077
1,2371,474084
1,6053,210427
1,4549,409752
1,4600,419996
1,4559,411719
1,6252,250360
1,6236,247168
1,6382,276389
1,6391,278186
1,6517,303285
1,7782,56317
1,7782,56375
1,7917,83235
1,9532,406400
1,831,166078
1,1177,235300
1,1195,238812
1,1331,266001
1,1479,295645
1,1479,295791
1,9160,331886
1,4061,312163
1,4551,410137
1,4186,337135
1,4231,346007
1,4209,341723
1,4734,446652
1,4383,376580
1,4487,397335
1,4501,400119
1,4556,411084
1,9487,397377
1,8459,191752
1,8518,203511
1,8516,203009
1,8552,210383
1,16187,237240
1,15192,38297
1,15281,56199
1,15282,56306
1,15463,92556
1,14829,465623
1,14858,471562
1,15155,30921
1,15302,60263
1,15401,80183
1,15456,91019
1,15345,68898
1,15389,77760
1,15445,88980
1,15957,191281
1,15994,198780
1,15977,195307
1,16000,199864
1,16064,212750
1,16073,214472
1,4350,369819
1,4360,371858
1,4442,388267
1,4446,389021
1,4977,495367
1,4989,497785
1,4988,497574
1,4544,408654
1,4572,414326
1,5111,22065
1,5215,42879
1,5222,44277
1,5226,45055
1,5232,46303
1,5260,51940
1,10403,80476
1,10427,85327
1,12557,11203
1,13378,175415
1,11414,282616
1,11817,363253
1,12178,435468
1,11155,230821
1,11430,285954
1,12438,487437
1,12438,487598
1,11178,235594
1,11281,256170
1,11359,271605
1,11335,266832
1,11409,281699
1,13946,289131
1,13982,296249
1,11911,382061
1,11941,388161
1,12002,400242
1,12191,438087
1,14006,301075
1,1645,328879
1,1684,336779
1,1759,351780
1,2123,424569
1,3327,165276
1,6360,271803
1,4207,341382
1,1401,280074
1,2979,95751
1,3136,127141
1,8604,220759
1,8689,237710
1,3559,211715
1,4553,410453
1,4702,440242
1,4968,493514
1,6251,250068
1,1572,314246
1,1674,334740
1,1793,358542
1,2272,454280
1,1890,377930
1,2025,404924
1,2238,447415
1,2238,447518
1,2935,86840
1,2785,56901
1,7929,85775
1,4024,304618
1,4217,343277
1,4470,393920
1,4913,482576
1,4945,488904
1,7892,78326
1,8049,109783
1,8329,165602
1,9415,382905
1,9314,362616
1,9316,363148
1,9772,454304
1,6,1149
1,60,11966
1,14,2682
1,149,29646
1,216,43033
1,532,106274
1,1355,270892
1,1150,229820
1,322,64323
1,3586,217079
1,5600,119839
1,5600,119969
1,2418,483455
1,2418,483528
1,1217,243351
1,1217,243399
1,502,100234
1,502,100349
1,706,141145
1,858,171481
1,9159,331768
1,2591,18119
1,3009,101670
1,1186,237151
1,2522,4206
1,2861,72183
1,2597,19242
1,2944,88678
1,5499,99699
1,8754,250683
1,8754,250761
1,3590,217938
1,4815,462957
1,4472,394316
1,4841,468192
1,5501,100100
1,5501,100105
1,14690,437875
1,14784,456676
1,14793,458466
1,15535,106872
1,5467,93329
1,5042,8232
1,3514,202709
1,4218,343526
1,4218,343595
1,4471,394137
1,4425,384899
1,4788,457541
1,7634,26602
1,8659,231700
1,7673,34534
1,6780,355868
1,6780,355998
1,7240,447927
1,7277,455354
1,7277,455389
1,5735,146953
1,5772,154203
1,5924,184654
1,9754,450632
1,6367,273344
1,6112,222276
1,7253,450499
1,8031,106029
1,8877,275383
1,14398,379534
1,9966,493197
1,9902,480207
1,9733,446573
1,9735,446869
1,9033,306448
1,9472,394336
1,9563,412412
1,9654,430634
1,9927,485310
1,9972,494319
1,15623,124458
1,15850,169899
1,16090,217837
1,16103,220514
1,16161,232143
1,15140,27850
1,15033,6517
1,14686,437143
1,14720,443954
1,14745,448849
1,14964,492627
1,14985,496888
1,14475,394869
1,14490,397975
1,14665,432913
1,14517,403280
1,14509,401631
1,14595,418888
1,14629,425615
1,14702,440306
1,14672,434201
1,14735,446850
1,14863,472452
1,14865,472934
1,175,34935
1,227,45259
1,435,86991
1,298,59570
1,2818,63408
1,2036,407025
1,1396,279097
1,591,118021
1,976,195159
1,8943,288528
1,2075,414890
1,903,180426
1,908,181580
1,951,190178
1,920,183927
1,2852,70300
1,2850,69890
1,3093,118494
1,3203,140498
1,3501,200067
1,3510,201837
1,3580,215806
1,3701,240074
1,3701,240182
1,4685,436897
1,3507,201246
1,3521,204014
1,3684,236741
1,4081,316179
1,3714,242673
1,3835,266932
1,3907,281365
1,3809,261781
1,3840,267838
1,4601,420012
1,3869,273623
1,4142,328397
1,7967,93329
1,8040,107856
1,8040,107977
1,8352,170262
1,9853,470594
1,9977,495301
1,9994,498621
1,15676,135084
1,15755,150815
1,15823,164589
1,3185,136814
1,2827,65251
1,7342,468381
1,1858,371556
1,1858,371591
1,1310,261834
1,2957,91229
1,2950,89917
1,3184,136623
1,3184,136727
1,3212,142228
1,3233,146540
1,3304,160768
1,3292,158297
1,3525,204862
1,3525,204993
1,3682,236324
1,3817,263395
1,3686,237181
1,3731,246072
1,3819,263644
1,3732,246259
1,3805,260896
1,4262,352365
1,4103,320529
1,4103,320579
1,4382,376322
1,4694,438643
1,4877,475268
1,7714,42791
1,6121,224143
1,6240,247865
1,6532,306276
1,6640,327816
1,6974,394761
1,6983,396412
1,211,42085
1,333,66507
1,1404,280672
1,1484,296735
1,1534,306704
1,1529,305698
1,1582,316215
1,2174,434768
1,2231,446045
1,779,155685
1,783,156462
1,978,195449
1,8600,219931
1,8601,220181
1,15427,85393
1,15452,90385
1,15591,118139
1,15727,145400
1,15720,143858
1,1770,353802
1,2156,431145
1,2651,30160
1,8112,122313
1,8293,158539
1,8773,254434
1,3557,211311
1,9057,311347
1,4879,475697
1,5268,53598
1,5378,75564
1,5476,95197
1,6551,310118
1,6775,354947
1,6522,304230
1,6661,332132
1,6784,356683
1,8679,235793
1,9081,316102
1,9081,316196
1,9248,349586
1,9283,356515
1,9285,356888
1,14765,452818
1,14514,402637
1,14514,402720
1,14677,435293
1,14767,453386
1,184,36699
1,196,39032
1,3653,230488
1,2402,480265
1,1874,374730
1,1287,257296
1,1805,360923
1,5878,175533
1,748,149511
1,755,150992
1,1642,328392
1,1736,347159
1,1885,376881
1,2317,463312
1,2576,15111
1,2894,78659
1,2897,79327
1,2897,79385
1,3319,163709
1,3321,164118
1,3325,164906
1,3325,164922
1,3352,170367
1,5742,148206
1,9564,412607
1,9348,369559
1,9770,453875
1,9898,479462
1,7707,41372
1,7626,25151
1,7757,51224
1,7976,95180
1,7980,95887
1,15549,109763
1,15550,109947
1,3290,157874
1,8431,186082
1,15499,99662
1,7719,43781
1,3768,253597
1,4484,396614
1,4818,463406
1,5890,177962
1,4411,382039
1,5019,3748
1,5027,5382
1,8241,148170
1,9024,304780
1,15716,143088
1,4562,412218
1,4614,422790
1,5544,108758
1,6652,330342
1,7227,445314
1,8910,281804
1,15327,65291
1,15442,88217
1,15442,88219
1,15457,91263
1,14821,464105
1,14821,464177
1,14908,481517
1,268,53511
1,2094,418681
1,6358,271497
1,3573,214498
1,3629,225630
1,4741,448038
1,355,70835
1,5741,148142
1,5989,197681
1,16525,304843
1,1507,301330
1,1841,368172
1,5468,93497
1,9855,470924
1,9333,366599
1,15543,108451
1,15611,122094
1,15056,11004
1,15363,72599
1,15405,80828
1,15408,81485
1,15538,107592
1,15266,53083
1,15487,97280
1,15560,111968
1,15528,105498
1,15982,196397
1,15991,198099
1,16020,203907
1,16066,213076
1,16149,229606
1,16156,231123
1,16158,231580
1,16178,235561
1,16179,235605
1,16448,289445
1,16451,290076
1,3839,267677
1,4016,303065
1,540,107907
1,714,142773
1,2930,85910
1,5732,146264
1,5674,134647
1,5531,106155
1,1551,310032
1,2488,497575
1,5858,171545
1,6019,203682
1,6028,205555
1,2769,53754
1,7817,63397
1,7844,68606
1,9386,377066
1,9387,377378
1,14743,448438
1,14741,448008
1,14750,449993
1,14948,489471
1,14805,460943
1,14882,476349
1,14923,484501
1,14978,495531
1,15238,47483
1,15016,3053
1,7106,421065
1,7134,426650
1,7451,490121
1,7548,9403
1,8550,209813
1,8577,215314
1,10083,16436
1,10107,21227
1,10361,72031
1,10240,47865
1,10527,105370
1,10181,36061
1,10228,45475
1,10318,63586
1,10397,79322
1,10424,84772
1,10552,110294
1,10665,132885
1,10683,136421
1,10833,166597
1,13932,286302
1,17407,481207
1,55,10818
1,72,14206
1,1639,327738
1,2082,416341
1,2087,417262
1,2112,422282
1,2262,452325
1,4991,498020
1,2615,22916
1,4918,483533
1,9510,401888
1,9510,401993
1,14879,475771
1,15669,133639
1,8698,239466
1,15418,83445
1,9538,407495
1,9538,407550
1,9547,409229
1,15516,103035
1,14902,480371
1,14928,485452
1,14982,496252
1,15053,10552
1,15007,1208
1,2296,459074
1,2350,469977
1,2422,484277
1,5359,71690
1,5359,71687
1,5359,71760
1,3064,112691
1,3064,112792
1,3191,138158
1,3113,122446
1,3221,144102
1,3221,144109
1,3291,158005
1,4577,415294
1,2568,13461
1,3147,129268
1,2927,85366
1,8298,159464
1,8298,159506
1,7669,33715
1,8053,110402
1,6029,205641
1,7324,464649
1,7298,459454
1,9350,369820
1,9405,380973
1,9987,497356
1,7685,36803
1,8173,134448
1,7695,38803
1,7755,50806
1,8018,103566
1,8184,136752
1,16121,224121
1,16136,227005
1,9670,433859
1,14268,353545
1,14447,389333
1,14570,413826
1,14585,416893
1,14790,457844
1,14790,457876
1,14814,462748
1,14792,458273
1,14867,473256
1,14193,338504
1,14235,346806
1,14195,338820
1,14219,343671
1,14499,399798
1,14242,348208
1,14415,382933
1,14252,350349
1,14761,452100
1,14922,484339
1,14551,410103
1,14787,457257
1,14561,412097
1,14574,414800
1,14611,422045
1,14631,426077
1,14924,484630
1,15410,81922
1,15426,85156
1,15975,194864
1,15890,177982
1,15945,188862
1,16317,263387
1,8432,186254
1,8359,171602
1,7582,16228
1,6544,308731
1,9002,300293
1,9005,300839
1,9118,323541
1,9118,323593
1,9140,327957
1,3713,242427
1,3713,242455
1,4054,310784
1,3973,294533
1,4044,308693
1,4085,316910
1,4345,368804
1,5074,14639
1,5074,14642
1,5077,15353
1,5112,22229
1,5153,30437
1,5158,31459
1,5164,32755
1,5170,33868
1,5187,37255
1,12574,14627
1,12700,39829
1,12836,67049
1,13084,116757
1,13618,223468
1,13990,297884
1,13990,297889
1,13124,124741
1,13481,196011
1,13631,226125
1,13748,249493
1,14121,324151
1,13401,180108
1,13545,208968
1,13644,228749
1,13803,260430
1,13826,265020
1,13847,269357
1,13968,293577
1,14048,309492
1,14055,310994
1,1581,316190
1,1280,255924
1,663,132573
1,715,142922
1,728,145407
1,741,148080
1,741,148088
1,6979,395678
1,1703,340557
1,2016,403027
1,2108,421574
1,13118,123488
1,13328,165511
1,11365,272845
1,11479,295776
1,12710,41947
1,12674,34795
1,12764,52657
1,12765,52919
1,12791,58111
1,12791,58173
1,12796,59108
1,12844,68715
1,16789,357631
1,16800,359949
1,16852,370249
1,16852,370257
1,16873,374452
1,17107,421369
1,233,46596
1,402,80211
1,244,48606
1,88,17460
1,337,67335
1,110,21934
1,110,21945
1,217,43325
1,9,1710
1,65,12832
1,277,55375
1,3056,111014
1,813,162533
1,597,119362
1,606,121089
1,617,123330
1,687,137217
1,5585,116818
1,255,50862
1,303,60484
1,303,60597
1,1291,258143
1,3710,241902
1,3784,256633
1,7174,434656
1,301,60062
1,354,70747
1,576,115198
1,1358,271405
1,489,97620
1,538,107415
1,6612,322264
1,6613,322467
1,6716,343114
1,6798,359445
1,6946,389048
1,6946,389188
1,9130,325976
1,9151,330052
1,3937,287308
1,3943,288534
1,506,101132
1,1030,205867
1,1033,206566
1,1602,320368
1,872,174203
1,5425,84801
1,5139,27798
1,8252,150237
1,5579,115675
1,3528,205558
1,4670,433934
1,4942,488244
1,4237,347366
1,4426,385116
1,4263,352580
1,4460,391910
1,4647,429313
1,4725,444877
1,4749,449628
1,13507,201291
1,13629,225653
1,13629,225791
1,13630,225929
1,13755,250937
1,13900,279996
1,13906,281086
1,13906,281151
1,13911,282083
1,14059,311736
1,13969,293720
1,17025,404816
1,17124,424632
1,17232,446334
1,17458,491508
1,17465,492870
1,17091,418177
1,17110,421996
1,17117,423265
1,17225,444824
1,17174,434630
1,17183,436577
1,17429,485774
1,17305,460862
1,17366,473064
