#run,lumi,evt
1,266,53132
1,2637,27317
1,2821,64007
1,3168,133424
1,3207,141340
1,3215,142892
1,1221,244024
1,2320,463891
1,2452,490359
1,1823,364534
1,2216,443146
1,3530,205820
1,3530,205954
1,3668,233599
1,4758,451595
1,4778,455519
1,4778,455599
1,9646,429159
1,9398,379559
1,9949,489613
1,6719,343655
1,16439,287760
1,16847,369277
1,17073,414454
1,16869,373704
1,16880,375864
1,16899,379747
1,16904,380622
1,16904,380708
1,17047,409257
1,17109,421778
1,17147,429314
1,17255,450976
1,17244,448742
1,17338,467492
1,17246,449025
1,17268,453504
1,17279,455683
1,17279,455711
1,17273,454577
1,17304,460771
1,17315,462847
1,17375,474861
1,17375,474956
1,17328,465502
1,17361,472189
1,17391,478070
1,17496,499155
1,462,92229
1,252,50244
1,379,75781
1,382,76348
1,397,79384
1,444,88666
1,477,95285
1,457,91296
1,3263,152599
1,623,124416
1,536,107007
1,536,107055
1,5151,30055
1,5322,64330
1,4049,309746
1,3727,245254
1,3760,251823
1,3800,259946
1,3897,279321
1,3804,260611
1,3826,265094
1,4653,430578
1,4347,369231
1,4699,439747
1,6039,207688
1,5208,41559
1,5406,81171
1,5938,187488
1,9743,448514
1,4568,413504
1,4574,414659
1,4574,414675
1,4970,493988
1,4998,499468
1,5092,18336
1,5091,18200
1,5120,23906
1,7369,473701
1,7458,491572
1,7800,59854
1,8374,174717
1,7585,16862
1,7585,16906
1,7916,83032
1,8321,164165
1,9156,331169
1,9026,305195
1,9133,326483
1,9361,372143
1,9488,397452
1,9619,423609
1,9751,450175
1,11868,373527
1,9502,400360
1,9525,404938
1,9609,421788
1,9719,443689
1,9841,468070
1,9935,486929
1,10002,375
1,10003,534
1,10010,1955
1,10024,4657
1,10253,50592
1,10204,40786
1,12196,439072
1,12524,4718
1,13721,244115
1,13810,261983
1,14110,321956
1,14123,324410
1,5389,77714
1,5391,78006
1,5737,147303
1,5955,190875
1,6189,237618
1,6189,237646
1,6191,238033
1,6199,239606
1,6199,239747
1,6200,239974
1,10082,16275
1,10103,20443
1,10115,22964
1,10174,34710
1,10345,68833
1,10312,62285
1,10377,75393
1,10393,78513
1,10443,88408
1,10161,32015
1,10298,59558
1,10298,59598
1,10313,62534
1,10366,73171
1,10367,73252
1,10825,164951
1,10455,90948
1,10646,129050
1,10499,99662
1,10499,99672
1,10562,112348
1,10599,119687
1,10601,120163
1,10417,83207
1,10411,82027
1,10557,111334
1,10357,71259
1,10421,84164
1,10372,74233
1,10423,84486
1,10482,96276
1,10462,92314
1,10751,150118
1,12280,455826
1,10159,31759
1,10159,31769
1,10277,55258
1,10265,52857
1,10464,92664
1,10692,138311
1,10743,148565
1,10749,149611
1,10749,149727
1,10890,177914
1,11388,277571
1,11001,200097
1,11234,246637
1,11234,246783
1,11222,244210
1,11263,252552
1,11275,254838
1,11289,257636
1,11346,269104
1,12022,404371
1,12436,487120
1,11818,363405
1,2838,67497
1,3697,239260
1,4474,394655
1,9294,358722
1,9758,451446
1,9637,427216
1,9645,428831
1,9649,429742
1,9649,429782
1,9790,457827
1,17131,426124
1,17397,479365
1,17398,479437
1,17415,482954
1,11423,284578
1,11446,289002
1,11524,304695
1,11772,354376
1,11787,357347
1,11813,362494
1,11877,375224
1,11877,375368
1,11909,381765
1,11972,394390
1,12001,400126
1,12067,413232
1,12065,412804
1,12453,490542
1,12202,440280
1,12805,60843
1,12814,62710
1,12814,62796
1,12854,70759
1,12845,68861
1,12845,68943
1,13008,101538
1,13029,105646
1,12992,98205
1,12868,73406
1,12880,75880
1,12915,82889
1,13397,179242
1,13681,236047
1,13788,257500
1,13924,284713
1,14122,324304
1,16672,334265
1,16783,356475
1,16783,356594
1,17477,495340
1,4938,487597
1,6420,283982
1,5532,106215
1,9027,305319
1,9412,382322
1,9701,440056
1,9692,438225
1,9703,440493
1,9769,453759
1,9788,457595
1,9925,484988
1,5291,58166
1,12740,47891
1,12987,97382
1,13010,101902
1,13049,109774
1,13216,143136
1,12114,422651
1,12387,477241
1,16624,324671
1,16739,347758
1,16962,392202
1,17191,438192
1,17210,441901
1,17374,474703
1,17247,449372
1,17252,450312
1,17234,446681
1,17234,446780
1,17083,416583
1,17223,444483
1,17280,455967
1,17284,456703
1,17284,456689
1,17311,462061
1,17214,442763
1,17238,447549
1,17250,449959
1,176,35036
1,480,95905
1,167,33337
1,2746,49012
1,2746,49082
1,3473,194485
1,3923,284554
1,2557,11240
1,3205,140953
1,3111,122001
1,3142,128306
1,3138,127481
1,3796,259184
1,4136,327010
1,3712,242365
1,3640,227813
1,3631,226072
1,13904,280757
1,14017,303310
1,14100,319910
1,14046,309072
1,14062,312272
1,14108,321458
1,14185,336810
1,16212,242203
1,16254,250791
1,16472,294224
1,16472,294209
1,16509,301642
1,16502,300321
1,16623,324411
1,16537,307280
1,16933,386588
1,16547,309224
1,16547,309343
1,16547,309380
1,16604,320656
1,16631,326060
1,16738,347578
1,16743,348512
1,16734,346779
1,16759,351703
1,16864,372749
1,16883,376467
1,7699,39696
1,14126,325049
1,1655,330921
1,1681,336028
1,5934,186654
1,9951,490046
1,10000,499804
1,15663,132522
1,15783,156503
1,7724,44629
1,7724,44744
1,8956,291061
1,12518,3425
1,11575,314956
1,11679,335697
1,11592,318237
1,11748,349485
1,11766,353148
1,11884,376795
1,12236,447174
1,12264,452717
1,11140,227958
1,11250,249869
1,11387,277347
1,11477,295281
1,11556,311180
1,11507,301329
1,11903,380541
1,11629,325767
1,11629,325790
1,11680,335891
1,11873,374439
1,11727,345341
1,11727,345374
1,11948,389470
1,12026,405162
1,12014,402686
1,11881,376040
1,11882,376389
1,12290,457917
1,12340,467996
1,12540,7925
1,12984,96618
1,12547,9304
1,12703,40510
1,11967,393349
1,12134,426664
1,12279,455669
1,12154,430671
1,12287,457206
1,12335,466931
1,12390,477911
1,12404,480794
1,12448,489540
1,12406,481112
1,12508,1456
1,5414,82786
1,5771,154081
1,5805,160840
1,5788,157402
1,5798,159561
1,5918,183465
1,5919,183751
1,5957,191246
1,5972,194353
1,5988,197555
1,7064,412797
1,7024,404702
1,7067,413245
1,7074,414704
1,7035,406865
1,7082,416316
1,7098,419485
1,7124,424607
1,7108,421496
1,7112,422247
1,7115,422874
1,7122,424381
1,8437,187340
1,8759,251742
1,9125,324950
1,8904,280691
1,10031,6118
1,10057,11265
1,10042,8248
1,10044,8610
1,10044,8691
1,10051,10022
1,10054,10792
1,10068,13578
1,9083,316473
1,9080,315841
1,9080,315971
1,9092,318331
1,9098,319490
1,9629,425607
1,9635,426827
1,9666,433039
1,9717,443364
1,10860,171901
1,10781,156124
1,11386,277047
1,11863,372539
1,10676,135114
1,10776,155127
1,10798,159404
1,10878,175495
1,10900,179975
1,10929,185619
1,10936,187008
1,11164,232648
1,11015,202828
1,11015,202852
1,11056,211134
1,4692,438222
1,4135,326963
1,4165,332917
1,4634,426787
1,4726,445099
1,6043,208522
1,5272,54307
1,9867,473354
1,7069,413673
1,5853,170523
1,9982,496261
1,16372,274340
1,16399,279694
1,16513,302447
1,16853,370495
1,16589,317611
1,16618,323600
1,16636,327079
1,16637,327361
1,16678,335561
1,16622,324348
1,16722,344276
1,16729,345658
1,16699,339730
1,7708,41513
1,8670,233935
1,13393,178587
1,13436,187130
1,13473,194427
1,13473,194547
1,12297,459384
1,12239,447612
1,12239,447653
1,12317,463394
1,12286,457108
1,12338,467598
1,12382,476240
1,12350,469825
1,12431,486087
1,13069,113652
1,13460,191988
1,13460,191993
1,12565,12928
1,12443,488595
1,12730,45891
1,12601,20199
1,12570,13804
1,12642,28289
1,12620,23861
1,12671,34012
1,12671,34096
1,12680,35848
1,12741,48047
1,16894,378699
1,17030,405996
1,17033,406446
1,16887,377380
1,17269,453694
1,16306,261051
1,16715,342912
1,16680,335909
1,17418,483526
1,17468,493450
1,16442,288368
1,16495,298936
1,16471,294033
1,16554,310652
1,16580,315833
1,16580,315863
1,16583,316514
1,16583,316548
1,16633,326455
1,16670,333867
1,16646,329149
1,63,12432
1,129,25637
1,267,53276
1,267,53394
1,3107,121333
1,3106,121156
1,8728,245508
1,8743,248483
1,588,117517
1,4105,320847
1,5908,181569
1,13321,164166
1,13262,152221
1,13311,162002
1,13300,159872
1,13506,201025
1,13446,189132
1,13523,204446
1,8174,134685
1,8181,136064
1,7421,484113
1,7421,484168
1,15883,176405
1,16082,216301
1,16190,237904
1,10984,196725
1,10871,174011
1,11059,211675
1,11005,200997
1,11492,298376
1,11660,331852
1,8228,145496
1,11779,355789
1,11606,321130
1,11613,322490
1,11661,332063
1,11717,343293
1,11728,345447
1,11754,350670
1,11955,390999
1,12039,407691
1,10549,109797
1,10355,70955
1,10841,168174
1,10633,126589
1,10721,144141
1,12715,42938
1,11105,220954
1,11450,289953
1,12442,488211
1,12442,488330
1,12463,492433
1,12511,2194
1,12521,4107
1,12745,48892
1,13023,104413
1,13023,104456
1,904,180740
1,1189,237761
1,1060,211913
1,1324,264660
1,1126,225047
1,1126,225075
1,1202,240361
1,1261,252121
1,1262,252238
1,6205,240952
1,6211,242138
1,6425,284826
1,6425,284937
1,6427,285369
1,6434,286621
1,6436,287106
1,6436,287174
1,5954,190766
1,6155,230932
1,6155,230999
1,6152,230316
1,6406,281089
1,8831,266036
1,6721,344173
1,6579,315764
1,6626,325096
1,6671,334030
1,6786,357034
1,7728,45418
1,7958,91463
1,7954,90786
1,8923,284529
1,8733,246575
1,8917,283387
1,6605,320890
1,6700,339906
1,6748,349448
1,6748,349461
1,6683,336560
1,6829,365650
1,6888,377439
1,6891,378108
1,6943,388594
1,6908,381538
1,6911,382120
1,6948,389412
1,6957,391296
1,6960,391819
1,6910,381949
1,6932,386323
1,6903,380515
1,6927,385369
1,6913,382401
1,6913,382556
1,6925,384822
1,6969,393761
1,7091,418188
1,7095,418842
1,7095,418937
1,318,63577
1,5428,85404
1,651,130182
1,680,135996
1,575,114948
1,1819,363656
1,2053,410407
1,1194,238672
1,1349,269728
1,2400,479955
1,1383,276509
1,2566,13012
1,10965,192935
1,13509,201646
1,11090,217825
1,11304,260770
1,1328,265407
1,1328,265496
1,1744,348771
1,1938,387578
1,1876,375055
1,1920,383927
1,2191,438183
1,8344,168684
1,2521,4156
1,3444,188775
1,2681,36088
1,5381,76143
1,4159,331632
1,1828,365433
1,1844,368661
1,1975,394967
1,8108,121516
1,8097,119374
1,7930,85819
1,7567,13229
1,4737,447377
1,7020,403801
1,7016,403068
1,7019,403788
1,7027,405270
1,7097,419355
1,7118,423417
1,7118,423496
1,7118,423559
1,7121,424156
1,4669,433784
1,4674,434657
1,6310,261873
1,6688,337416
1,6688,337551
1,6695,338883
1,6726,345153
1,6813,362402
1,6877,375319
1,6884,376740
1,5258,51499
1,5261,52088
1,5319,63720
1,5334,66726
1,5356,71120
1,5551,110150
1,5516,103074
1,5624,124732
1,6473,294460
1,6461,292015
1,6461,292121
1,6476,295004
1,6488,297523
1,6560,311930
1,6568,313422
1,6576,315143
1,6576,315173
1,6599,319691
1,6590,317954
1,6598,319599
1,6602,320343
1,6603,320498
1,7128,425495
1,7149,429783
1,7175,434919
1,7175,434942
1,7178,435516
1,7181,436172
1,7173,434533
1,7182,436399
1,7183,436454
1,7187,437312
1,7196,439136
1,7225,444954
1,7446,489044
1,7450,489907
1,7450,489971
1,7470,493845
1,7481,496139
1,7509,1632
1,7520,3905
1,7747,49219
1,7901,80017
1,8287,157341
1,7913,82406
1,8069,113661
1,8079,115704
1,8250,149952
1,8306,161006
1,8403,180587
1,8648,229478
1,8632,226389
1,10108,21519
1,10062,12388
1,10045,8847
1,10627,125283
1,10444,88706
1,10150,29899
1,10178,35555
1,10116,23068
1,10116,23084
1,10121,24086
1,10352,70213
1,10352,70320
1,10136,27085
1,10185,36832
1,10165,32979
1,10184,36655
1,10191,38091
1,10251,50144
1,10325,64997
1,10371,74140
1,10500,99994
1,10514,102689
1,10522,104290
1,10522,104362
1,10983,196491
1,11107,221243
1,11128,225498
1,11194,238770
1,11470,293945
1,11519,303653
1,11503,300488
1,11607,321301
1,351,70105
1,563,112444
1,642,128312
1,725,144823
1,616,123178
1,702,140298
1,737,147223
1,790,157912
1,2397,479337
1,4270,353936
1,447,89371
1,453,90497
1,466,93105
1,471,94122
1,2787,57371
1,2574,14799
1,5270,53988
1,3226,145087
1,3226,145157
1,3226,145175
1,950,189937
1,967,193283
1,2270,453845
1,8332,166291
1,7799,59750
1,6038,207538
1,6246,249137
1,6136,227184
1,6482,296240
1,6486,297153
1,6662,332395
1,2097,419366
1,2240,447877
1,2142,428394
1,2926,85057
1,10229,45711
1,10029,5744
1,10029,5750
1,10047,9369
1,10225,44911
1,10072,14275
1,10058,11570
1,10771,154141
1,3867,273392
1,2435,486975
1,2726,45005
1,2836,67131
1,3161,132180
1,3341,168162
1,3474,194787
1,3854,270762
1,3752,250372
1,3948,289581
1,4048,309497
1,3036,107037
1,3078,115521
1,3371,174098
1,3211,142025
1,3115,122896
1,3115,122983
1,3370,173968
1,3378,175426
1,3381,176003
1,3396,179152
1,4228,345575
1,4822,464303
1,4943,488460
1,6477,295220
1,5927,185270
1,6778,355570
1,6582,316304
1,6810,361880
1,6785,356850
1,6677,335202
1,6791,358154
1,2771,54126
1,2675,34935
1,2890,77952
1,2890,77982
1,3275,154890
1,8407,181279
1,2331,466057
1,5686,137054
1,5686,137153
1,3884,276647
1,3858,271590
1,4888,477501
1,8660,231948
1,12925,84824
1,9591,418055
1,11573,314487
1,11574,314725
1,11557,311236
1,11572,314210
1,11589,317621
1,11699,339722
1,11623,324409
1,11638,327535
1,11642,328228
1,11645,328926
1,11645,328953
1,11649,329733
1,11802,360233
1,10498,99483
1,10718,143500
1,10625,124801
1,10766,153007
1,10850,169979
1,10956,191133
1,10963,192548
1,11119,223692
1,11449,289709
1,11203,240518
1,13232,146204
1,13376,175112
1,13589,217714
1,13617,223215
1,13563,212554
1,13572,214306
1,13566,213159
1,13954,290795
1,13660,231813
1,13759,251797
1,13834,266779
1,13851,270030
1,13333,166551
1,13404,180671
1,13308,161456
1,13528,205518
1,13604,220772
1,13316,163185
1,13402,180358
1,13477,195255
1,13379,175634
1,13622,224249
1,13478,195404
1,13505,200881
1,13685,236882
1,14329,365745
1,16234,246765
1,15760,151853
1,16119,223666
1,15797,159346
1,15810,161884
1,16411,282083
1,16774,354637
1,16757,351217
1,16793,358501
1,16768,353420
1,2046,409100
1,3560,211959
1,9264,352607
1,146,29101
1,224,44677
1,685,136890
1,3522,204400
1,3856,271092
1,3925,284838
1,6041,208013
1,5935,186960
1,1345,268803
1,1345,268907
1,1449,289692
1,1514,302668
1,1566,313081
1,6098,219540
1,7410,481808
1,7410,481970
1,7591,18052
1,7591,18099
1,8251,150169
1,8628,225583
1,9528,405490
1,9545,408917
1,9911,482061
1,9917,483272
1,3002,100322
1,4893,478453
1,6099,219614
1,9150,329961
1,9150,329955
1,9492,398320
1,9730,445964
1,7339,467650
1,5143,28569
1,5336,67072
1,5383,76414
1,5383,76546
1,5417,83337
1,7903,80571
1,6284,256623
1,5521,104045
1,5699,139626
1,5699,139679
1,5699,139683
1,9006,301163
1,9750,449963
1,9601,420108
1,10675,134958
1,10885,176879
1,10739,147790
1,10691,138072
1,10728,145421
1,10903,180573
1,10824,164712
1,11053,210447
1,11117,223337
1,11101,220089
1,11300,259903
1,12843,68442
1,12843,68485
1,12789,57675
1,12867,73255
1,13161,132040
1,13303,160488
1,12288,457502
1,12447,489396
1,12419,483653
1,12498,499594
1,12614,22614
1,12519,3708
1,12567,13208
1,12567,13206
1,12823,64592
1,12970,93860
1,12525,4898
1,12551,10004
1,12550,9950
1,13007,101387
1,13256,151076
1,13208,141402
1,13208,141478
1,13001,100055
1,13040,107856
1,4271,354039
1,9517,403298
1,16837,367263
1,16593,318584
1,8007,101333
1,8682,236357
1,8274,154608
1,8681,236116
1,6232,246392
1,5925,184975
1,5850,169884
1,9303,360506
1,9296,359162
1,9946,489030
1,9946,489145
1,9789,457626
1,15993,198405
1,13583,216502
1,13606,221113
1,13586,217176
1,13615,222879
1,13695,238811
1,13807,261330
1,13726,245081
1,13809,261609
1,13809,261657
1,13992,298228
1,16923,384440
1,16698,339463
1,16830,365998
1,16814,362641
1,16845,368947
1,17060,411857
1,16817,363344
1,16928,385592
1,16865,372914
1,16865,372924
1,16937,387266
1,16958,391410
1,16990,397890
1,16990,397964
1,17011,402127
1,16971,394019
1,16994,398773
1,17053,410509
1,17133,426515
1,17061,412073
1,17114,422640
1,17114,422764
1,17310,461924
1,17432,486267
1,17432,486344
1,17330,465879
1,17344,468614
1,17385,476965
1,17402,480285
1,17409,481625
1,17394,478697
1,17438,487517
1,17452,490283
1,12712,42376
1,12908,81548
1,13003,100436
1,12952,90351
1,13064,112608
1,13203,140562
1,13272,154264
1,13091,118095
1,13091,118167
1,13160,131920
1,12918,83568
1,12919,83680
1,13053,110517
1,12921,84008
1,13043,108449
1,13070,113862
1,13114,122615
1,13193,138493
1,13079,115719
1,13079,115766
1,13163,132565
1,13253,150469
1,13192,138393
1,13242,148368
1,13498,199468
1,13372,174220
1,14069,313707
1,13151,130094
1,13151,130119
1,13151,130156
1,13177,135234
1,13217,143266
1,13442,188274
1,13442,188308
1,13296,159143
1,13637,227201
1,13350,169821
1,13385,176901
1,13582,216235
1,13580,215857
1,13580,215970
1,13678,235440
1,13632,226349
1,13707,241358
1,13686,237008
1,13874,274670
1,13722,244284
1,14025,304960
1,13873,274428
1,14075,314971
1,13279,155657
1,13279,155786
1,13827,265343
1,13511,202144
1,13447,189269
1,13447,189396
1,13458,191506
1,13614,222674
1,13593,218446
1,13476,195077
1,13479,195679
1,13541,208048
1,13672,234253
1,13515,202812
1,13605,220833
1,13605,220891
1,13620,223830
1,13620,223856
1,13620,223991
1,13701,240179
1,13818,263425
1,13818,263506
1,13829,265755
1,13829,265781
1,14056,311032
1,14056,311165
1,13943,288416
1,17500,499857
1,17497,499204
1,13867,273373
1,13916,283082
1,14013,302574
1,13756,251138
1,13797,259348
1,13815,262829
1,13815,262989
1,14040,307852
1,13896,279151
1,14012,302263
1,14098,319450
1,154,30732
1,3159,131742
1,2612,22355
1,2680,35986
1,4825,464843
1,729,145716
1,9240,347872
1,2462,492202
1,5199,39617
1,7641,28163
1,7667,33277
1,7767,53236
1,7687,37288
1,9238,347485
1,9254,350765
1,1135,226829
1,1191,238054
1,1660,331822
1,4519,403684
1,3633,226477
1,3647,229356
1,3655,230942
1,3699,239647
1,3656,231192
1,3930,285841
1,4885,476900
1,3812,262361
1,3893,278567
1,4168,333475
1,5502,100342
1,16860,371818
1,16373,274414
1,16208,241450
1,16232,246386
1,16240,247898
1,16556,311098
1,16329,265651
1,16310,261849
1,16310,261941
1,16374,274739
1,16356,271028
1,16413,282405
1,16424,284743
1,5294,58699
1,8392,178279
1,5675,134815
1,11476,295059
1,11486,297165
1,7062,412232
1,7062,412258
1,11692,338360
1,11894,378623
1,11755,350911
1,11816,363025
1,11829,365663
1,10216,43012
1,10376,75165
1,10301,60106
1,10233,46544
1,10374,74790
1,10404,80658
1,10946,189048
1,11019,203626
1,10711,142087
1,10726,145167
1,11126,225124
1,11111,222171
1,11135,226961
1,11173,234456
1,11202,240237
1,11219,243681
1,11219,243750
1,11236,247003
1,11240,247938
1,11258,251455
1,11305,260996
1,11424,284699
1,11424,284783
1,10889,177782
1,10905,180941
1,10953,190456
1,10991,198002
1,11653,330562
1,11505,300929
1,11130,225942
1,11065,212835
1,11313,262482
1,11720,343816
1,11745,348857
1,11733,346424
1,11971,394113
1,12045,408852
1,11862,372219
1,12262,452332
1,12416,483074
1,12558,11502
1,12606,21134
1,12855,70980
1,12109,421669
1,12085,416936
1,12105,420950
1,12118,423511
1,12160,431827
1,12212,442339
1,12484,496638
1,12219,443759
1,12328,465427
1,12328,465438
1,12328,465439
1,12688,37590
1,13039,107724
1,13172,134262
1,5985,196843
1,6181,236120
1,6187,237267
1,6194,238731
1,6195,238922
1,6213,242550
1,6273,254560
1,6323,264526
1,6604,320621
1,6731,346127
1,6730,345923
1,6749,349635
1,6794,358665
1,6802,360222
1,6844,368691
1,6851,370162
1,6866,373051
1,10153,30568
1,10269,53639
1,11619,323620
1,11537,307211
1,11974,394740
1,12432,486396
1,11030,205927
1,11172,234332
1,11408,281492
1,10548,109526
1,10651,130065
1,10649,129710
1,11077,215207
1,11872,374201
1,10576,115009
1,10717,143284
1,10609,121657
1,10695,138992
1,10613,122437
1,10632,126276
1,11028,205416
1,11045,208916
1,11064,212629
1,11068,213539
1,11355,270845
1,11514,302798
1,11534,306678
1,11563,312531
1,11775,354975
1,11715,342991
1,11870,373992
1,11803,360441
1,11950,389942
1,11895,378976
1,11935,386870
1,13746,249128
1,14080,315995
1,14102,320203
1,14209,341711
1,14227,345240
1,17486,497159
1,17498,499475
1,8993,298501
1,6090,217882
1,9113,322503
1,9317,363334
1,9343,368415
1,9343,368485
1,2819,63687
1,5331,66095
1,5434,86685
1,14139,327627
1,15103,20419
1,14165,332850
1,6649,329759
1,9401,380102
1,9669,433735
1,9058,311534
1,9800,459939
1,4389,377696
1,9146,329037
1,9146,329050
1,15608,121567
1,16171,234041
1,7507,1206
1,8139,127769
1,8059,111642
1,8000,99886
1,8201,140018
1,9149,329727
1,9598,419450
1,14301,360007
1,14212,342280
1,14236,347175
1,14262,352325
1,14243,348410
1,14363,372455
1,14454,390770
1,14457,391227
1,14457,391287
1,14469,393623
1,14486,397102
1,14486,397123
1,14572,414236
1,14583,416556
1,14594,418621
1,14594,418731
1,14594,418776
1,14990,497975
1,14987,497258
1,15037,7358
1,15055,10828
1,15077,15361
1,15065,12891
1,15080,15857
1,15079,15786
1,15125,24953
1,15128,25514
1,15149,29637
1,15143,28554
1,15377,75252
1,15090,17837
1,15094,18625
1,15094,18754
1,15102,20253
1,15106,21098
1,15210,41895
1,15165,32910
1,15299,59602
1,15244,48603
1,15291,58092
1,1227,245394
1,1756,351148
1,2411,482060
1,2411,482165
1,2372,474386
1,2293,458533
1,2329,465749
1,1625,324975
1,1635,326942
1,1747,349248
1,2150,429822
1,2426,485067
1,4328,365595
1,4072,314366
1,2636,27036
1,1472,294247
1,2001,400080
1,2130,425976
1,2154,430685
1,2066,413117
1,2079,415689
1,2068,413451
1,1987,397209
1,1667,333353
1,1808,361488
1,2724,44609
1,3016,103024
1,8929,285781
1,5603,120443
1,7184,436635
1,9811,462048
1,9495,398803
1,9819,463792
1,9912,482327
1,2255,450913
1,2469,493605
1,2506,1110
1,3046,109005
1,4062,312217
1,3696,239158
1,3866,273015
1,3597,219391
1,3981,296200
1,3990,297913
1,3991,298198
1,4009,301780
1,2312,462204
1,2313,462490
1,2493,498505
1,2368,473551
1,2376,475037
1,2409,481615
1,2468,493485
1,2525,4962
1,2545,8907
1,2664,32638
1,2983,96522
1,2983,96534
1,3040,107882
1,3029,105648
1,3963,292493
1,2918,83417
1,3087,117216
1,3088,117572
1,3405,180936
1,3698,239478
1,3974,294656
1,3985,296876
1,4012,302330
1,4337,367215
1,4234,346746
1,4261,352191
1,4346,369013
1,4340,367845
1,4436,387133
1,3369,173616
1,5225,44907
1,5362,72251
1,4571,414066
1,4564,412657
1,4564,412729
1,185,36850
1,473,94443
1,418,83431
1,762,152260
1,762,152305
1,811,162188
1,820,163809
1,905,180950
1,988,197555
1,426,85008
1,430,85977
1,467,93230
1,603,120597
1,621,124105
1,1386,277134
1,1425,284860
1,2220,443828
1,2342,468261
1,2065,412924
1,7296,459020
1,7564,12759
1,7831,66001
1,7846,69193
1,7842,68234
1,7878,75474
1,8763,252433
1,16311,262073
1,16328,265417
1,16476,295026
1,16463,292567
1,16515,302899
1,16441,288101
1,16531,306145
1,16536,307083
1,15019,3707
1,15043,8551
1,15042,8392
1,15209,41694
1,15305,60830
1,15305,60875
1,15230,45885
1,15769,153684
1,15794,158658
1,15843,168492
1,15856,171124
1,15918,183600
1,15970,193933
1,7398,479402
1,7953,90544
1,7733,46458
1,8382,176313
1,8427,185365
1,5535,106984
1,3438,187528
1,3452,190373
1,5335,66922
1,5680,135921
1,5524,104748
1,5903,180466
1,15867,173264
1,15867,173342
1,15963,192593
1,15969,193797
1,16147,229376
1,16183,236477
1,7278,455425
1,7484,496777
1,7602,20268
1,7636,27138
1,8742,248368
1,7536,7089
1,8115,122887
1,8949,289661
1,8949,289660
1,6146,229071
1,7560,11911
1,8469,193669
1,8400,179927
1,8229,145663
1,8581,216010
1,7978,95486
1,7812,62230
1,8941,288076
1,7256,451148
1,7313,462579
1,7343,468580
1,7353,470434
1,7721,44042
1,7899,79641
1,8193,138415
1,8216,143013
1,8216,143194
1,9110,321835
1,9785,456964
1,9792,458303
1,15239,47781
1,15262,52398
1,15326,65187
1,15379,75631
1,15293,58497
1,15293,58565
1,15337,67209
1,15367,73237
1,15367,73390
1,15470,93992
1,15500,99990
1,15495,98846
1,8243,148501
1,513,102576
1,852,170217
1,643,128513
1,1925,384917
1,1633,326492
1,1363,272556
1,4293,358555
1,3067,113300
1,2690,37907
1,2577,15256
1,2687,37221
1,2889,77628
1,7039,407736
1,816,163031
1,6984,396784
1,7373,474401
1,7494,498698
1,7505,984
1,7543,8489
1,8131,126004
1,8198,139479
1,8637,227273
1,8637,227336
1,8637,227359
1,9376,375061
1,14336,367158
1,15190,37957
1,14361,372109
1,14388,377543
1,14391,378143
1,14391,378198
1,14401,380004
1,14422,384204
1,14740,447828
1,14830,465819
1,14577,415229
1,14654,430619
1,2058,411481
1,2212,442290
1,2246,449194
1,3773,254474
1,3896,279180
1,3901,280173
1,4021,304047
1,4762,452358
1,15791,158072
1,15925,184834
1,15996,199125
1,15898,179541
1,15874,174658
1,15917,183224
1,15917,183386
1,16017,203265
1,16377,275270
1,16271,254003
1,16326,265041
1,16326,265127
1,16358,271439
1,16363,272562
1,16363,272599
1,16421,284128
1,16421,284172
1,16426,285018
1,16426,285188
1,8964,292782
1,640,127810
1,777,155383
1,932,186373
1,953,190462
1,1719,343687
1,1093,218468
1,1093,218466
1,1128,225502
1,1250,249834
1,1367,273275
1,1040,207955
1,7577,15211
1,7609,21615
1,8146,129058
1,8524,204719
1,15656,131028
1,15672,134340
1,15711,142067
1,16227,245333
1,16246,249085
1,16289,257678
1,7244,448639
1,7252,450227
1,9190,337886
1,992,198357
1,1587,317281
1,1921,384036
1,1344,268787
1,1158,231490
1,1175,234887
1,1228,245549
1,1369,273604
1,1444,288631
1,1457,291378
1,1545,308977
1,5030,5970
1,5477,95263
1,5145,28927
1,6077,215384
1,7329,465608
1,7249,449668
1,5672,134335
1,5747,149259
1,5747,149282
1,4510,401812
1,4547,409249
1,4784,456756
1,6059,211778
1,8656,231148
1,4917,483378
1,4949,489768
1,4952,490319
1,6305,260879
1,5751,150181
1,7266,453085
1,6518,303561
1,5197,39237
1,5433,86489
1,14270,353901
1,6508,301427
1,7437,487372
1,7462,492210
1,7462,492330
1,9795,458806
1,6044,208772
1,6384,276688
1,5204,40735
1,329,65778
1,3353,170487
1,8185,136970
1,8829,265665
1,8906,281067
1,2234,446741
1,2172,434292
1,1471,294056
1,1863,372566
1,769,153689
1,6078,215437
1,9252,350256
1,9267,353333
1,122,24224
1,8086,117096
1,8257,151279
1,6105,220846
1,7056,411160
1,2253,450406
1,2467,493390
1,5843,168480
1,2673,34557
1,2673,34583
1,3084,116786
1,3198,139524
1,7765,52951
1,6080,215997
1,9826,465010
1,9781,456151
1,3435,186854
1,8349,169641
1,5044,8624
1,5060,11857
1,5125,24907
1,7625,24998
1,7621,24190
1,5599,119605
1,5725,144970
1,5622,124233
1,5622,124263
1,4479,395674
1,4485,396815
1,7283,456446
1,4609,421746
1,6241,248181
1,6376,275030
1,6378,275435
1,6378,275595
1,8952,290285
1,14330,365912
1,9018,303488
1,14616,423113
1,14723,444595
1,16088,217404
1,16102,220261
1,8195,138817
1,8450,189828
1,8456,191022
1,8545,208884
1,8594,218738
1,8863,272539
1,16170,233806
1,6647,329230
1,7077,415296
1,9313,362520
1,9866,473007
1,9871,474058
1,9871,474102
1,7423,484573
1,6676,335094
1,8369,173610
1,15486,97092
1,15505,100924
1,15526,105083
1,15741,148008
1,186,37146
1,186,37167
1,204,40638
1,380,75984
1,381,76055
1,508,101455
1,527,105215
1,734,146745
1,740,147901
1,944,188671
1,7429,485679
1,4637,427233
1,76,15171
1,3436,187121
1,1101,220080
1,1242,248273
1,1461,292071
1,1486,297077
1,7394,478609
1,1441,288115
1,1778,355485
1,1818,363477
1,1549,309667
1,1549,309787
1,8938,287541
1,8946,289019
1,8312,162254
1,2887,77237
1,2887,77259
1,3581,216069
1,4128,325414
1,4829,465607
1,4829,465703
1,7041,408046
1,7042,408246
1,1783,356480
1,4461,392008
1,2699,39698
1,2722,44231
1,3305,160873
1,8303,160414
1,7388,477529
1,1722,344317
1,1879,375734
1,1995,398817
1,2192,438273
1,2523,4522
1,3133,126595
1,3165,132955
1,7627,25383
1,3872,274242
1,3872,274253
1,3872,274302
1,6494,298716
1,6089,217609
1,5992,198272
1,14145,328921
1,14160,331902
1,14213,342443
1,14163,332517
1,14168,333555
1,14483,396524
1,14601,420087
1,14559,411642
1,8968,293595
1,9535,406864
1,9228,345559
1,9231,346186
1,9288,357474
1,9315,362846
1,9997,499344
1,157,31217
1,2831,66143
1,2667,33338
1,3151,130106
1,251,50022
1,341,68102
1,753,150557
1,1624,324656
1,2230,445983
1,7065,412829
1,191,38107
1,14298,359477
1,14402,380304
1,14450,389906
1,14899,479752
1,8590,217847
1,8590,217928
1,2700,39834
1,2508,1505
1,3316,163084
1,1904,380613
1,2119,423617
1,2119,423736
1,2233,446521
1,2233,446537
1,2496,499065
1,2476,495110
1,6245,248886
1,422,84281
1,8888,277594
1,1014,202609
1,1089,217714
1,1096,219001
1,1238,247418
1,1247,249243
1,520,103978
1,911,182046
1,927,185385
1,927,185398
1,974,194692
1,7279,455643
1,48,9419
1,101,20130
1,8701,240053
1,14310,361968
1,15222,44339
1,2007,401275
1,2007,401345
1,9451,390110
1,1373,274464
1,1435,286934
1,1704,340747
1,1720,343818
1,1978,395555
1,2113,422535
1,1947,389275
1,2791,58004
1,6988,397458
1,2764,52734
1,4084,316626
1,4084,316636
1,6053,210595
1,4418,383582
1,4499,399646
1,4578,415435
1,6126,225116
1,6270,254000
1,6117,223328
1,6386,277152
1,6394,278668
1,6517,303361
1,6535,306907
1,6631,326054
1,6635,326870
1,6635,326989
1,6638,327474
1,6639,327775
1,7368,473475
1,7503,562
1,7640,27998
1,9532,406396
1,9221,344028
1,16125,224901
1,16113,222457
1,16129,225654
1,16133,226530
1,16128,225505
1,16499,299649
1,2547,9368
1,2043,408564
1,1205,240835
1,1500,299825
1,1853,370489
1,1195,238854
1,1195,238855
1,1479,295771
1,1562,312272
1,4146,329085
1,4244,348737
1,4266,353087
1,4734,446787
1,4335,366928
1,4516,403145
1,4518,403579
1,4518,403586
1,8418,183404
1,8418,183590
1,8459,191749
1,8518,203598
1,8519,203680
1,8472,194345
1,8458,191480
1,8486,197111
1,8598,219526
1,8552,210234
1,16211,242091
1,16284,256643
1,15168,33566
1,15381,76033
1,15281,56108
1,15283,56471
1,9060,311810
1,14544,408715
1,14661,432004
1,14661,432100
1,14755,450979
1,14829,465661
1,14858,471568
1,15186,37042
1,15276,55010
1,15285,56884
1,15355,70966
1,15323,64456
1,15323,64470
1,15380,75970
1,15399,79718
1,15400,79916
1,15400,79929
1,15447,89244
1,15501,100125
1,15949,189647
1,16008,201550
1,15985,196935
1,16013,202551
1,16072,214222
1,16077,215276
1,16016,203021
1,16016,203183
1,16056,211109
1,4342,368204
1,4364,372780
1,4350,369989
1,4369,373670
1,4355,370882
1,4371,374181
1,4964,492663
1,5082,16295
1,4565,412873
1,4923,484461
1,5107,21319
1,5192,38369
1,5226,45032
1,5231,46170
1,5237,47307
1,5263,52409
1,10084,16610
1,12839,67708
1,12557,11252
1,12736,47147
1,12998,99535
1,13214,142681
1,13649,229611
1,13649,229799
1,13292,158288
1,11833,366570
1,11106,221133
1,11155,230959
1,11193,238410
1,11193,238451
1,11569,313723
1,11825,364833
1,11604,320627
1,11747,349384
1,12054,410768
1,12837,67248
1,11160,231911
1,11399,279682
1,11989,397785
1,13464,192693
1,13709,241793
1,13982,296302
1,11886,377059
1,11937,387365
1,11911,382023
1,11911,382174
1,11980,395894
1,12044,408749
1,12002,400233
1,12199,439680
1,12124,424624
1,12220,443846
1,13021,104095
1,1398,279463
1,2092,418212
1,1668,333523
1,1754,350690
1,1772,354241
1,2446,489184
1,3053,110579
1,3837,267246
1,3878,275535
1,1401,280132
1,1463,292412
1,1541,308094
1,1541,308145
1,5987,197246
1,4702,440219
1,4702,440338
1,4594,418751
1,6996,399001
1,6770,353893
1,6781,356047
1,1793,358543
1,1661,332056
1,2030,405903
1,1780,355963
1,1816,363125
1,1849,369618
1,1849,369648
1,2420,483881
1,2200,439916
1,2273,454461
1,2785,56935
1,5008,1548
1,5014,2761
1,5018,3461
1,4248,349545
1,4336,367197
1,4524,404629
1,4546,409060
1,4742,448298
1,4768,453588
1,4740,447999
1,4811,462023
1,4811,462163
1,4814,462779
1,6140,227847
1,5055,11000
1,8049,109611
1,8049,109751
1,8049,109753
1,5677,135272
1,5677,135274
1,9477,395327
1,9421,384186
1,9793,458588
1,14,2711
1,279,55799
1,20,3849
1,80,15816
1,149,29636
1,149,29744
1,3289,157675
1,7884,76750
1,2338,467538
1,2209,441682
1,1142,228339
1,1458,291454
1,306,61078
1,2534,6662
1,3251,150033
1,3586,217044
1,1576,315103
1,1709,341694
1,1709,341748
1,1453,290595
1,526,105058
1,726,145132
1,2606,21101
1,2942,88355
1,2696,39134
1,2823,64578
1,2824,64687
1,2721,44105
1,2955,90921
1,2990,97924
1,1973,394502
1,1973,394532
1,2193,438456
1,2319,463729
1,1845,368899
1,1847,369254
1,2437,487213
1,2437,487282
1,3894,278636
1,2773,54542
1,3091,118038
1,2802,60338
1,2801,60023
1,3297,159299
1,5498,99411
1,8158,131598
1,3709,241655
1,3709,241772
1,3657,231349
1,4291,358073
1,9199,339789
1,9797,459236
1,14656,431151
1,14690,437966
1,14774,454640
1,14793,458497
1,15311,62140
1,15920,183824
1,15930,185916
1,3114,122763
1,5202,40302
1,5016,3072
1,5043,8544
1,3689,237618
1,3718,243494
1,4037,307283
1,5591,118017
1,5669,133666
1,5669,133706
1,5671,134105
1,4871,474049
1,6262,252392
1,5339,67689
1,8659,231644
1,8426,185010
1,7646,29028
1,7646,29192
1,7737,47353
1,7335,466907
1,6780,355846
1,6780,355973
1,5924,184783
1,9690,437935
1,6765,352897
1,6751,350058
1,6747,349289
1,7955,90887
1,8877,275336
1,14149,329793
1,9733,446591
1,9939,487777
1,9463,392411
1,9463,392466
1,9562,412223
1,9562,412289
1,15058,11503
1,15617,123353
1,16162,232359
1,14405,380939
1,15126,25021
1,15089,17676
1,15148,29514
1,15148,29562
1,14655,430807
1,14536,407089
1,14686,437029
1,14745,448819
1,14901,480037
1,14946,489116
1,14481,396045
1,14500,399814
1,14515,402804
1,14505,400838
1,14509,401761
1,14589,417652
1,14595,418805
1,14670,433806
1,14671,434124
1,14647,429293
1,14664,432736
1,14683,436598
1,14771,454162
1,14872,474315
1,14769,453643
1,14854,470714
1,15078,15445
1,15092,18219
1,175,34866
1,298,59416
1,1341,268097
1,1476,295077
1,1712,342374
1,2063,412482
1,2040,407890
1,2199,439712
1,2202,440271
1,2207,441216
1,573,114587
1,979,195787
1,367,73208
1,2712,42324
1,1034,206685
1,1067,213260
1,1304,260730
1,1810,361994
1,1422,284359
1,1423,284574
1,637,127312
1,738,147441
1,4838,467596
1,3169,133646
1,3189,137714
1,2941,88170
1,3192,138269
1,3451,190139
1,3663,232533
1,3510,201888
1,3739,247745
1,3914,282787
1,4130,325868
1,4695,438831
1,4695,438850
1,4685,436835
1,6648,329407
1,3500,199801
1,3500,199977
1,8073,114569
1,3675,234918
1,3675,234927
1,3885,276896
1,3885,276891
1,3870,273875
1,3890,277872
1,3684,236659
1,3684,236747
1,4081,316001
1,3714,242755
1,3746,249020
1,3850,269966
1,3874,274630
1,4053,310519
1,4053,310569
1,8040,107821
1,8337,167359
1,8352,170204
1,8613,222565
1,8864,272712
1,9022,304242
1,15706,141051
1,15877,175342
1,15667,133235
1,15702,140252
1,15713,142462
1,15710,141809
1,15909,181638
1,15736,147019
1,15743,148476
1,15764,152659
1,15923,184417
1,15927,185255
1,15927,185328
1,2884,76681
1,2947,89297
1,2939,87777
1,772,154265
1,1025,204895
1,1394,278661
1,1473,294555
1,1725,344876
1,1725,344910
1,2957,91370
1,2943,88416
1,2975,94859
1,3232,146332
1,3119,123683
1,3233,146462
1,3233,146502
1,3284,156656
1,3284,156735
1,3301,160028
1,3301,160118
1,3525,204831
1,3594,218687
1,3604,220689
1,4060,311836
1,3688,237473
1,3819,263657
1,3711,242015
1,3711,242044
1,3732,246303
1,3807,261358
1,4109,321602
1,4018,303422
1,4628,425545
1,4103,320493
1,4380,375919
1,4382,376252
1,4143,328437
1,4694,438661
1,5048,9522
1,5028,5529
1,5448,89576
1,5895,178912
1,6233,246523
1,6062,212228
1,6121,224141
1,6144,228723
1,6546,309086
1,6546,309113
1,6640,327947
1,211,42045
1,8415,182856
1,2464,492651
1,1263,252466
1,1488,297456
1,1634,326738
1,8567,213277
1,8583,216431
1,8599,219652
1,15386,77052
1,15386,77181
1,15427,85298
1,15449,89758
1,15434,86761
1,5759,151687
1,15588,117435
1,15632,126311
1,15902,180312
1,15674,134786
1,15720,143905
1,15777,155202
1,15708,141588
1,1711,342012
1,8098,119567
1,8643,228437
1,8548,209514
1,8546,209072
1,8804,260709
1,9777,455395
1,4993,498401
1,4878,475484
1,4878,475483
1,4879,475634
1,6142,228341
1,5444,88605
1,5462,92373
1,5483,96581
1,8242,148285
1,5702,140397
1,6528,305455
1,8666,233022
1,9115,322927
1,9039,307648
1,9285,356910
1,14311,362130
1,14428,385457
1,14514,402724
1,14538,407427
1,14592,418249
1,14651,430037
1,14651,430086
1,14873,474490
1,35,6943
1,68,13479
1,87,17263
1,215,42828
1,297,59266
1,2603,20430
1,3266,153004
1,3825,264986
1,539,107602
1,926,185018
1,2000,399964
1,1154,230715
1,1154,230770
1,1752,350288
1,2301,460136
1,151,30008
1,161,32108
1,1289,257774
1,1446,289168
1,1468,293424
1,1976,395108
1,1976,395099
1,1833,366577
1,748,149451
1,758,151520
1,2341,468043
1,1578,315448
1,1736,347101
1,2458,491552
1,2222,444315
1,2317,463205
1,2678,35440
1,2713,42487
1,3246,149114
1,3643,228503
1,4014,302653
1,2305,460821
1,2383,476448
1,2902,80371
1,3129,125680
1,3325,164902
1,3329,165761
1,3363,172425
1,9608,421432
1,9205,340817
1,7976,95074
1,16256,251123
1,646,129031
1,15559,111763
1,15566,113032
1,15612,122206
1,15652,130246
1,15745,148837
1,15745,148967
1,15724,144706
1,8495,198972
1,3021,104094
1,3042,108387
1,3476,195116
1,5283,56433
1,4282,356395
1,3763,252503
1,3715,242963
1,4197,339355
1,4197,339400
1,5870,173884
1,6530,305981
1,4108,321479
1,5027,5205
1,9791,458126
1,15709,141661
1,4723,444513
1,4869,473719
1,6234,246792
1,5387,77217
1,5874,174739
1,8910,281854
1,15329,65730
1,15441,88144
1,15368,73539
1,15374,74692
1,15378,75462
1,15378,75487
1,15474,94675
1,15462,92311
1,14908,481593
1,15531,106092
1,15619,123756
1,16639,327722
1,414,82612
1,414,82726
1,3645,228828
1,4800,459916
1,6362,272329
1,378,75574
1,387,77383
1,16185,236966
1,16175,234868
1,16573,314533
1,16700,339814
1,1139,227706
1,7052,410396
1,1841,368106
1,14455,390925
1,9220,343865
1,9337,367375
1,15316,63080
1,15622,124212
1,15390,77958
1,15496,99122
1,15633,126447
1,16004,200764
1,16084,216762
1,16091,218191
1,16148,229518
1,16496,299056
1,8467,193329
1,8435,186822
1,8399,179771
1,5385,76975
1,5497,99314
1,3839,267710
1,4016,303088
1,4204,340776
1,860,171829
1,885,176925
1,1018,203529
1,9157,331275
1,733,146466
1,3248,149561
1,5447,89215
1,5732,146367
1,5674,134732
1,1108,221472
1,3861,272165
1,2243,448548
1,5858,171540
1,3563,212496
1,3582,216201
1,2740,47901
1,3486,197020
1,3486,197191
1,5310,61845
1,5310,61935
1,7829,65692
1,7823,64440
1,7836,67157
1,9384,376707
1,9371,374139
1,9442,388322
1,14718,443440
1,14811,462193
1,14801,460009
1,14961,492025
1,14981,496184
1,14819,463733
1,14960,491973
1,14984,496623
1,15030,5844
1,15083,16583
1,15238,47418
1,7136,427050
1,8730,245987
1,8531,206147
1,8561,212134
1,8636,227132
1,8883,276549
1,8811,262152
1,8813,262442
1,8813,262534
1,7160,431876
1,7192,438311
1,8078,115530
1,8232,146268
1,8234,146633
1,8234,146656
1,10083,16472
1,10239,47625
1,10059,11719
1,10145,28925
1,10163,32529
1,10333,66459
1,10267,53245
1,10240,47919
1,10240,47990
1,10364,72798
1,10524,104791
1,10309,61756
1,10358,71554
1,10704,140689
1,10200,39842
1,10243,48544
1,10275,54933
1,10424,84750
1,10472,94302
1,10555,110837
1,10626,125154
1,10639,127667
1,10639,127783
1,10647,129251
1,10735,146826
1,13957,291316
1,13987,297276
1,13987,297354
1,14162,332257
1,19,3734
1,169,33608
1,2600,19912
1,809,161612
1,1198,239456
1,1213,242570
1,1730,345933
1,1843,368594
1,2018,403514
1,2112,422310
1,2262,452247
1,2289,457636
1,2768,53474
1,3498,199425
1,5007,1264
1,3834,266690
1,4068,313494
1,4794,458681
1,4856,471082
1,4920,483888
1,14667,433257
1,14667,433381
1,15649,129700
1,15901,180130
1,15779,155608
1,8640,227840
1,8686,237159
1,8687,237224
1,15104,20607
1,15104,20796
1,9455,390925
1,9540,407825
1,9540,407960
1,9174,334744
1,9176,335024
1,9189,337617
1,9385,376852
1,9385,376876
1,9217,343313
1,9217,343376
1,9198,339497
1,9214,342676
1,15518,103520
1,14714,442684
1,14768,453496
1,14704,440703
1,14757,451399
1,14803,460439
1,14799,459724
1,14884,476767
1,14906,481148
1,14943,488505
1,14928,485535
1,14983,496486
1,15086,17032
1,15001,98
1,15039,7695
1,2153,430508
1,2163,432451
1,2281,456082
1,2422,484214
1,2422,484240
1,2614,22672
1,3291,158153
1,3526,205172
1,2550,9939
1,2816,63167
1,2988,97544
1,7693,38406
1,7886,77048
1,3844,268724
1,7324,464603
1,7293,458534
1,7332,466359
1,9308,361451
1,7300,459868
1,7755,50887
1,7969,93729
1,7982,96282
1,8018,103598
1,8088,117433
1,8091,118189
1,8155,130886
1,8157,131398
1,14453,390489
1,14564,412799
1,14603,420516
1,14642,428376
1,14814,462742
1,14657,431349
1,14836,467010
1,14836,467146
1,14182,336298
1,14421,384060
1,14178,335403
1,14181,336143
1,14410,381801
1,14242,348377
1,14279,355614
1,14239,347646
1,14371,374038
1,14922,484337
1,14492,398250
1,14688,437428
1,14688,437509
1,14545,408863
1,14551,410123
1,14552,410308
1,14550,409972
1,14623,424588
1,14605,420867
1,14579,415665
1,14633,426593
1,14641,428192
1,15464,92681
1,15460,91918
1,15607,121384
1,15593,118467
1,15610,121925
1,15653,130553
1,15881,176031
1,15998,199425
1,15998,199478
1,15951,190151
1,16201,240030
1,16287,257283
1,1505,300831
1,1548,309592
1,8721,244148
1,8292,158234
1,7804,60667
1,8218,143500
1,6544,308697
1,7354,470646
1,3520,203865
1,3733,246506
1,4858,471459
1,4348,369433
1,4439,387657
1,5115,22807
1,5173,34533
1,5177,35395
1,5184,36658
1,5235,46832
1,5211,42132
1,5228,45573
1,12652,30330
1,13381,176117
1,13684,236633
1,14083,316490
1,14096,319133
1,13205,140977
1,13599,219748
1,13599,219761
1,13879,275751
1,14121,324158
1,13367,173219
1,332,66260
1,1012,202352
1,1211,242093
1,2214,442765
1,1197,239360
1,1280,255904
1,756,151023
1,731,146055
1,723,144480
1,736,147003
1,736,147068
1,1771,354185
1,12957,91321
1,13097,119334
1,13132,126385
1,13138,127448
1,9247,349345
1,6008,201541
1,11366,273042
1,11496,299002
1,11415,282900
1,11626,325027
1,11588,317465
1,11931,386188
1,12056,411101
1,12307,461273
1,12076,415150
1,12153,430467
1,12070,413998
1,12674,34792
1,12678,35430
1,12747,49254
1,12694,38677
1,12694,38788
1,12696,39078
1,12711,42110
1,12755,50971
1,12733,46495
1,12757,51208
1,12784,56780
1,16664,332663
1,16696,339194
1,16789,357788
1,16834,366717
1,16855,370876
1,16913,382457
1,17004,400669
1,17070,413850
1,17118,423514
1,17079,415607
1,17197,439336
1,17197,439369
1,17229,445787
1,17170,433932
1,42,8204
1,23,4453
1,111,22123
1,236,47102
1,402,80346
1,88,17536
1,109,21626
1,118,23582
1,119,23722
1,237,47363
1,260,51918
1,145,28808
1,9000,299946
1,213,42539
1,405,80813
1,8658,231489
1,503,100435
1,553,110409
1,813,162437
1,818,163568
1,389,77673
1,286,57077
1,281,56034
1,5372,74249
1,5372,74305
1,316,63021
1,321,64127
1,3267,153391
1,5936,187169
1,359,71649
1,8498,199459
1,3061,112146
1,717,143389
1,551,110079
1,602,120224
1,580,115897
1,1230,245866
1,1405,280858
1,1901,380076
1,6005,200983
1,538,107462
1,3934,286712
1,3979,295688
1,6691,338123
1,6689,337764
1,6801,360155
1,6946,389045
1,9622,424223
1,518,103524
1,1030,205893
1,1037,207294
1,1110,221967
1,1462,292241
1,879,175689
1,2474,494785
1,5127,25339
1,5127,25394
1,5130,25877
1,8252,150270
1,5301,60008
1,5592,118310
1,4469,393650
1,4912,482394
1,4725,444833
1,5375,74909
1,5661,132137
1,13493,198544
1,13539,207749
1,13557,211350
1,13699,239753
1,13629,225752
1,13735,246822
1,13948,289442
1,14059,311612
1,13977,295347
1,16765,352955
1,16820,363914
1,17218,443502
1,17335,466997
1,17456,491068
1,17487,497399
1,17489,497768
1,17466,493130
1,17093,418466
1,17139,427714
1,17137,427356
1,17154,430633
1,17161,432194
1,17156,431195
1,17165,432923
1,17162,432360
1,17248,449591
1,17264,452795
1,17290,457801
1,17257,451304
1,17282,456244
1,17317,463325
