#run,lumi,evt
1,3281,156052
1,3224,144661
1,3546,209152
1,9304,360769
1,9651,430195
1,9887,477201
1,16893,378505
1,16880,375908
1,16922,384217
1,17258,451427
1,17244,448641
1,17331,466113
1,17326,465082
1,17370,473964
1,17367,473260
1,17406,481066
1,252,50385
1,3461,192132
1,5151,30111
1,4046,309099
1,4051,310068
1,5666,133170
1,4402,380221
1,4407,381266
1,4928,485537
1,5318,63441
1,5857,171248
1,5099,19771
1,5494,98739
1,7592,18343
1,8224,144786
1,8314,162765
1,9823,464420
1,8894,278792
1,10881,176075
1,9490,397876
1,10263,52467
1,10164,32654
1,12445,488860
1,12654,30734
1,13721,244148
1,13737,247358
1,13810,261998
1,13860,271908
1,14123,324407
1,5647,129358
1,10288,57538
1,10244,48781
1,10262,52327
1,10485,96835
1,10476,95122
1,10160,31915
1,10347,69293
1,10528,105470
1,10528,105561
1,10967,193276
1,10322,64262
1,10447,89361
1,10429,85744
1,10314,62719
1,11029,205790
1,11381,276066
1,11311,262146
1,11251,250132
1,11284,256651
1,3105,120819
1,17131,426130
1,11791,358187
1,11986,397166
1,12801,60122
1,12827,65251
1,12866,73124
1,12914,82629
1,12892,78368
1,12894,78790
1,13406,181177
1,13439,187702
1,13439,187791
1,13569,213677
1,13888,277547
1,13923,284467
1,14131,326109
1,16783,356543
1,17479,495657
1,17491,498098
1,5532,106361
1,5831,166158
1,9374,374637
1,9435,386983
1,9700,439805
1,9924,484731
1,9924,484773
1,12564,12720
1,12740,47917
1,13010,101887
1,12209,441793
1,16805,360857
1,17140,427841
1,17032,406391
1,17051,410099
1,17121,424149
1,17200,439886
1,176,35152
1,181,36144
1,3180,135842
1,3199,139791
1,4160,331905
1,2461,492049
1,2548,9472
1,2565,12879
1,2572,14375
1,2749,49660
1,3208,141548
1,3138,127434
1,3712,242213
1,4131,326036
1,4131,326084
1,13944,288766
1,14240,347925
1,16748,349459
1,16748,349474
1,16738,347466
1,16738,347524
1,15135,26824
1,16001,200010
1,16195,238998
1,12803,60555
1,11683,336594
1,11865,372805
1,11884,376712
1,11890,377855
1,11966,393106
1,11046,209041
1,11231,246045
1,11387,277352
1,11582,316286
1,11963,392488
1,11716,343022
1,12052,410345
1,12181,436014
1,13101,120002
1,13351,170012
1,11990,397872
1,12128,425551
1,13220,143938
1,12390,477976
1,12458,491523
1,12509,1704
1,5761,152198
1,5762,152318
1,5782,156221
1,5782,156320
1,6153,230557
1,8821,264074
1,8663,232514
1,8817,263320
1,8852,270329
1,9087,317291
1,9071,314099
1,9069,313613
1,10041,8003
1,10050,9874
1,11192,238216
1,11875,374824
1,10966,193017
1,10801,160198
1,10858,171541
1,10935,186810
1,6255,250869
1,7069,413759
1,16562,312234
1,16636,327091
1,16725,344824
1,16729,345746
1,12960,91989
1,12292,458251
1,12286,457090
1,12396,479041
1,12396,479110
1,12611,22040
1,12611,22045
1,13460,191811
1,12682,36373
1,17381,476023
1,16526,305038
1,16457,291317
1,16670,333846
1,16720,343867
1,16,3079
1,86,17078
1,37,7206
1,95,18965
1,265,52990
1,9300,359906
1,3876,275091
1,13198,139458
1,13198,139545
1,13198,139596
1,9950,489980
1,16389,277673
1,6549,309694
1,10767,153286
1,11153,230530
1,11527,305350
1,11779,355626
1,11779,355756
1,11855,370983
1,11731,346018
1,10351,70023
1,10326,65005
1,10399,79742
1,10856,171138
1,10760,151843
1,11670,333956
1,12561,12171
1,12585,16912
1,1087,217360
1,3932,286379
1,6412,282239
1,5739,147645
1,6155,230943
1,6355,270851
1,6553,310560
1,6618,323501
1,6626,325138
1,6626,325198
1,6671,334136
1,9017,303228
1,7448,489423
1,6817,363336
1,6826,365163
1,6826,365158
1,6831,366128
1,9090,317864
1,9129,325601
1,5404,80624
1,651,130181
1,806,161142
1,849,169668
1,963,192480
1,1391,278055
1,668,133574
1,10898,179402
1,10915,182937
1,10965,192930
1,12683,36435
1,13386,177131
1,11090,217914
1,1919,383797
1,8825,264869
1,4077,315398
1,1877,375335
1,1844,368766
1,2908,81521
1,4080,315883
1,6304,260701
1,5258,51453
1,6448,289571
1,6461,292077
1,6463,292597
1,6560,311972
1,6563,312555
1,6580,315826
1,6602,320222
1,7177,435324
1,7472,494344
1,7450,489894
1,7734,46777
1,7510,1978
1,7926,85196
1,8471,194164
1,8326,165118
1,8334,166707
1,8631,226027
1,8631,226056
1,10279,55696
1,10521,104015
1,10104,20666
1,10563,112481
1,10758,151580
1,10941,188122
1,10951,190142
1,11194,238779
1,11211,242030
1,566,113066
1,1924,384702
1,8727,245266
1,950,189868
1,1028,205594
1,1335,266838
1,2433,486525
1,7799,59755
1,6539,307668
1,2412,482215
1,10129,25674
1,10198,39577
1,2438,487534
1,3474,194627
1,3854,270688
1,4050,309875
1,3350,169968
1,3384,176770
1,3381,176054
1,3539,207661
1,3540,207913
1,6095,218949
1,6261,252118
1,6810,361940
1,3385,176958
1,8245,148822
1,2331,466068
1,3858,271596
1,9075,314898
1,11583,316410
1,11725,344995
1,10615,122843
1,11177,235358
1,13566,213107
1,13736,247168
1,13832,266383
1,16934,386773
1,121,24142
1,456,91138
1,456,91153
1,7357,471281
1,9132,326389
1,9818,463412
1,9879,475605
1,6099,219625
1,6099,219762
1,9358,371402
1,9187,337395
1,9604,420776
1,5383,76412
1,7745,48870
1,7740,47856
1,8261,152190
1,9031,306048
1,9596,419119
1,10653,130495
1,10884,176640
1,10756,151058
1,10824,164723
1,11134,226757
1,11086,217142
1,12692,38259
1,13318,163414
1,13770,253877
1,12125,424896
1,12125,424983
1,12423,484517
1,12835,66990
1,12961,92041
1,13297,159258
1,12475,494870
1,12462,492303
1,12506,1160
1,12541,8041
1,13014,102605
1,13016,103166
1,16401,280159
1,16673,334451
1,8672,234325
1,9414,382657
1,16041,208031
1,13624,224749
1,13695,238942
1,13809,261621
1,16821,364155
1,17052,410347
1,16902,380344
1,16960,391975
1,16974,394659
1,17084,416789
1,17097,419247
1,17283,456433
1,17283,456438
1,17342,468315
1,17385,476842
1,17410,481962
1,17430,485945
1,13203,140525
1,13225,144990
1,13272,154289
1,13194,138705
1,12900,79900
1,12902,80395
1,13107,121293
1,13095,118863
1,13142,128381
1,13233,146435
1,13265,152997
1,13412,182387
1,13382,176319
1,13738,247515
1,13739,247667
1,14082,316375
1,13177,135305
1,13466,193143
1,13358,171508
1,13591,218189
1,13620,223897
1,13859,271782
1,13670,233863
1,13705,240947
1,13844,268799
1,13805,260912
1,13805,260921
1,13912,282367
1,2956,91062
1,2511,2175
1,5199,39766
1,7660,31980
1,9417,383226
1,3699,239661
1,4168,333598
1,4264,352784
1,8536,207034
1,15852,170283
1,16210,241974
1,16283,256476
1,16566,313120
1,16322,264275
1,16325,264925
1,16310,261991
1,16356,271082
1,16413,282534
1,11360,271824
1,11342,268351
1,9282,356282
1,11706,341192
1,11786,357002
1,11786,357151
1,11905,380833
1,11905,380931
1,10133,26526
1,11340,267856
1,11159,231791
1,10868,173491
1,10869,173604
1,11133,226546
1,12258,451426
1,12250,449893
1,12217,443348
1,12295,458930
1,12416,483191
1,12427,485226
1,12109,421621
1,12062,412376
1,12375,474915
1,12484,496792
1,12466,493080
1,5983,196528
1,6158,231495
1,6180,235910
1,6204,240632
1,6206,241184
1,6315,262904
1,8305,160903
1,6732,346210
1,6767,353382
1,6845,368808
1,10153,30434
1,11031,206137
1,11152,230389
1,11248,249454
1,11343,268473
1,10622,124245
1,10649,129771
1,10717,143286
1,10785,156820
1,10867,173299
1,12362,472226
1,11112,222244
1,11950,389994
1,12927,85382
1,12958,91453
1,13342,168334
1,13375,174822
1,14127,325331
1,6090,217804
1,5862,172333
1,5331,66169
1,14180,335836
1,14180,335969
1,7682,36213
1,8732,246217
1,7475,494841
1,8757,251244
1,7511,2083
1,8070,113840
1,14173,334568
1,14223,344464
1,14304,360619
1,14789,457776
1,14987,497206
1,15012,2216
1,15037,7292
1,15129,25658
1,15098,19419
1,15098,19453
1,15114,22651
1,15615,122888
1,1967,393226
1,2370,473949
1,1909,381712
1,1911,382164
1,1974,394717
1,3340,167849
1,8716,243078
1,4246,349116
1,1588,317451
1,1607,321227
1,2089,417719
1,4328,365539
1,2797,59394
1,3079,115660
1,1628,325452
1,1826,365049
1,1902,380388
1,2707,41239
1,1532,306369
1,1546,309002
1,1987,397214
1,1651,330151
1,2916,83087
1,2916,83139
1,3060,111992
1,3210,141837
1,3484,196699
1,4062,312357
1,3866,273118
1,3597,219320
1,3965,292992
1,2368,473497
1,3027,105349
1,2750,49900
1,3025,104938
1,3117,123302
1,3962,292366
1,4278,355448
1,4076,315190
1,4406,381194
1,4430,385830
1,4540,407841
1,208,41506
1,208,41577
1,309,61693
1,990,197995
1,819,163741
1,1282,256336
1,2220,443931
1,6014,202667
1,7816,63073
1,7960,91850
1,8602,220213
1,9194,338657
1,16531,306193
1,16536,307034
1,16545,308957
1,15015,2989
1,15048,9524
1,15183,36451
1,15744,148656
1,16052,210341
1,16061,212121
1,2110,421814
1,2146,429161
1,6912,382326
1,7874,74793
1,7733,46559
1,9868,473462
1,3393,178438
1,3438,187411
1,3438,187519
1,5422,84367
1,7546,9182
1,3998,299418
1,5665,132873
1,5680,135915
1,5683,136529
1,5050,9972
1,15910,181941
1,8664,232685
1,7534,6659
1,8115,122874
1,8207,141302
1,8265,152977
1,8469,193763
1,7578,15593
1,7256,451047
1,7314,462672
1,7315,462848
1,7313,462514
1,7566,13190
1,15471,94033
1,15293,58423
1,15523,104423
1,16042,208240
1,511,102015
1,826,165195
1,829,165746
1,2687,37234
1,688,137450
1,8284,156614
1,8479,195719
1,14388,377525
1,14392,378353
1,2181,436070
1,4039,307690
1,4799,459775
1,15811,162003
1,15925,184948
1,15857,171280
1,15888,177476
1,15842,168236
1,15886,177110
1,16209,241649
1,16340,267819
1,552,110213
1,774,154782
1,777,155296
1,938,187501
1,8460,191834
1,8605,220970
1,7239,447782
1,9172,334219
1,992,198261
1,1016,203176
1,3587,217305
1,7275,454841
1,5035,6905
1,6263,252466
1,7270,453919
1,5804,160722
1,5360,71901
1,5893,178437
1,4853,470531
1,4854,470626
1,4854,470772
1,4917,483208
1,4951,490052
1,8176,135070
1,8291,158045
1,5676,135191
1,6752,350388
1,9226,345060
1,5668,133421
1,6513,302551
1,6513,302595
1,9667,433311
1,9761,452113
1,6100,219913
1,6495,298939
1,329,65695
1,2904,80720
1,8036,107008
1,2175,434826
1,5653,130585
1,6500,299958
1,7056,411187
1,7387,477335
1,9123,324503
1,4274,354750
1,4796,459168
1,3464,192637
1,5711,142087
1,5604,120778
1,5713,142492
1,3776,255166
1,4590,417949
1,6241,248082
1,6241,248161
1,6268,253482
1,8952,290250
1,14271,354054
1,14547,409345
1,16169,233777
1,8908,281425
1,9311,362127
1,9714,442764
1,6659,331632
1,7352,470391
1,698,139498
1,954,190601
1,7429,485720
1,5542,108222
1,2714,42726
1,1992,398312
1,1101,220154
1,1251,250040
1,4687,437284
1,3055,110928
1,5286,57191
1,3842,268270
1,6506,301200
1,6885,376974
1,7041,408044
1,8282,156279
1,3245,148941
1,8650,229990
1,14350,369870
1,15044,8770
1,14913,482593
1,250,49919
1,2878,75545
1,2762,52309
1,3090,117992
1,5777,155203
1,3765,252931
1,746,149124
1,1727,345353
1,191,38091
1,14344,368756
1,14449,389781
1,5071,14128
1,5132,26207
1,2622,24284
1,2886,77150
1,6982,396367
1,472,94282
1,1352,270274
1,1352,270309
1,2424,484628
1,720,143846
1,48,9543
1,2960,91991
1,15110,21958
1,1799,359608
1,1984,396651
1,4738,447429
1,4691,438150
1,6524,304730
1,6520,303930
1,16093,218586
1,16168,233460
1,16146,229016
1,16124,224767
1,16197,239386
1,5566,113120
1,4025,304967
1,4327,365391
1,4458,391524
1,4512,402323
1,5722,144309
1,7583,16477
1,8457,191223
1,8457,191325
1,9177,335397
1,15159,31649
1,15174,34703
1,14755,450842
1,14810,461834
1,14820,463936
1,15264,52752
1,15355,70856
1,15399,79680
1,15399,79675
1,15972,194286
1,4349,369664
1,4349,369775
1,4948,489563
1,5082,16287
1,4957,491295
1,4753,450541
1,5216,43200
1,5231,46125
1,10617,123255
1,13378,175545
1,12034,406691
1,11235,246821
1,11193,238560
1,11800,359890
1,11329,265617
1,13456,191137
1,13462,192206
1,13474,194668
1,13700,239812
1,13700,239909
1,13024,104630
1,13046,109114
1,1399,279609
1,2258,451410
1,3327,165324
1,1415,282855
1,8386,177165
1,5987,197260
1,2029,405631
1,2272,454394
1,2178,435487
1,4814,462601
1,4910,481812
1,4913,482588
1,205,40921
1,137,27240
1,532,106315
1,348,69405
1,8547,209400
1,8130,125817
1,4394,378748
1,2697,39389
1,2715,42926
1,2955,90878
1,2955,90963
1,2261,452021
1,5880,175973
1,5880,175984
1,1201,240091
1,1933,386441
1,2711,42110
1,2944,88775
1,5465,92844
1,4488,397546
1,4841,468127
1,7355,470856
1,15289,57684
1,16083,216517
1,4452,390294
1,4739,447750
1,4731,446033
1,5865,172908
1,7259,451626
1,6509,301736
1,14137,327352
1,14164,332764
1,9921,484155
1,9939,487707
1,15802,160249
1,16047,209262
1,16047,209274
1,14989,497754
1,14629,425724
1,14634,426630
1,14698,439552
1,14736,447194
1,14863,472525
1,14854,470770
1,15101,20182
1,435,86958
1,1133,226441
1,2202,440241
1,591,118064
1,8943,288593
1,637,127231
1,2812,62373
1,2812,62391
1,3259,151793
1,3190,137883
1,3445,188979
1,7968,93414
1,3508,201501
1,3684,236798
1,4138,327419
1,4601,420002
1,8613,222492
1,8864,272750
1,8878,275489
1,9683,436458
1,9489,397725
1,9904,480694
1,9977,495346
1,15877,175388
1,15725,144831
1,15718,143547
1,15736,147068
1,15722,144254
1,15737,147211
1,314,62691
1,2709,41778
1,2946,89158
1,3099,119670
1,3173,134488
1,3237,147320
1,3304,160656
1,3292,158274
1,3583,216484
1,3504,200629
1,4018,303577
1,4619,423728
1,4720,443885
1,5122,24266
1,5868,173577
1,5895,178985
1,6546,309075
1,8415,182811
1,15579,115754
1,15588,117600
1,15591,118193
1,15788,157532
1,2201,440085
1,2741,48092
1,3188,137474
1,8553,210416
1,8657,231398
1,8768,253500
1,9180,335876
1,4832,466369
1,5702,140369
1,9039,307798
1,9875,474977
1,14307,361359
1,14537,407289
1,14516,403101
1,14516,403114
1,14627,425389
1,68,13467
1,2603,20424
1,3919,283647
1,926,185191
1,192,38256
1,2131,426167
1,754,150607
1,2341,468055
1,2309,461750
1,2425,484825
1,2514,2662
1,6357,271235
1,7294,458790
1,9205,340871
1,9223,344429
1,9348,369486
1,7707,41387
1,7642,28337
1,15571,114186
1,15642,128326
1,15724,144776
1,8504,200770
1,4823,464446
1,6143,228500
1,6068,213536
1,5021,4023
1,9024,304742
1,5654,130741
1,16019,203615
1,16019,203637
1,5020,3987
1,5493,98594
1,5748,149543
1,5904,180639
1,15368,73561
1,15457,91245
1,14821,464041
1,14821,464053
1,2094,418741
1,6358,271465
1,3629,225699
1,1841,368022
1,14459,391667
1,9319,363790
1,9337,367298
1,9338,367541
1,9469,393688
1,15160,31878
1,15271,54146
1,15354,70658
1,15360,71902
1,15403,80592
1,15561,112101
1,15633,126419
1,16002,200322
1,16448,289489
1,16474,294682
1,16571,314184
1,8453,190494
1,7639,27782
1,8399,179672
1,8419,183727
1,2919,83697
1,2930,85816
1,5620,123838
1,1056,211091
1,1116,223090
1,3790,257863
1,5460,91853
1,7820,63823
1,8574,214701
1,14781,456154
1,14775,454814
1,14882,476233
1,14976,495029
1,15030,5815
1,15018,3570
1,7143,428556
1,8531,206173
1,8560,211810
1,9084,316647
1,7192,438276
1,7224,444628
1,8066,113034
1,8295,158864
1,10135,26982
1,10264,52656
1,10215,42951
1,10228,45535
1,10589,117765
1,10472,94345
1,14022,304308
1,55,10804
1,1437,287313
1,2279,455679
1,2294,458790
1,3749,249637
1,8687,237278
1,9217,343307
1,9547,409363
1,14828,465592
1,14837,467271
1,2311,462184
1,2367,473203
1,3176,135158
1,5366,73031
1,5366,73046
1,7273,454462
1,9861,472116
1,9996,499035
1,16106,221200
1,16136,227131
1,14564,412679
1,14564,412776
1,14598,419517
1,14421,384043
1,14229,345605
1,14235,346940
1,14465,392866
1,14499,399686
1,14204,340633
1,14415,382944
1,14493,398559
1,14969,493664
1,14659,431710
1,15599,119740
1,16317,263324
1,5548,109563
1,9021,304015
1,3574,214797
1,5564,112690
1,5119,23767
1,5155,30809
1,5169,33731
1,5228,45528
1,12574,14696
1,13990,297979
1,14096,319044
1,13486,197141
1,13613,222423
1,13367,173210
1,13723,244565
1,13775,254811
1,1691,338117
1,890,177941
1,770,153854
1,2898,79434
1,13094,118778
1,11353,270412
1,11635,326841
1,11991,398025
1,12116,423133
1,12122,424222
1,12734,46791
1,12754,50793
1,16913,382599
1,16989,397687
1,17107,421290
1,81,16112
1,97,19209
1,228,45446
1,217,43355
1,9,1689
1,103,20461
1,428,85457
1,5309,61630
1,3798,259488
1,404,80659
1,499,99796
1,2684,36716
1,3096,119184
1,565,112884
1,649,129689
1,1358,271563
1,2374,474653
1,4643,428523
1,6701,340061
1,6796,359093
1,9130,325952
1,506,101008
1,1315,262941
1,1037,207305
1,1277,255347
1,1268,253493
1,1615,322899
1,1305,260930
1,5141,28164
1,5574,114716
1,5913,182576
1,4944,488770
1,4393,378574
1,4513,402458
1,4644,428605
1,6550,309919
1,13724,244691
1,13630,225846
1,13974,294660
1,13948,289471
1,16870,373904
1,17126,425090
1,17098,419513
