#run,lumi,evt
1,266,53115
1,2571,14181
1,2747,49253
1,2747,49307
1,2738,47494
1,2739,47794
1,3209,141793
1,3228,145541
1,3281,156091
1,3281,156143
1,2104,420631
1,2104,420789
1,1823,364446
1,3562,212333
1,3611,222032
1,3617,223241
1,5514,102667
1,9394,378651
1,9392,378245
1,9905,480842
1,9887,477390
1,16386,277165
1,16492,298309
1,16881,376171
1,16802,360344
1,16901,380001
1,16901,380044
1,16901,380173
1,16863,372446
1,16932,386384
1,16932,386396
1,16869,373684
1,16921,384126
1,17008,401516
1,17116,423035
1,17130,425914
1,17163,432488
1,17199,439789
1,17308,461487
1,17308,461588
1,17370,473982
1,17306,461102
1,17315,462973
1,17316,463191
1,17354,470753
1,17354,470799
1,17362,472381
1,17364,472788
1,17395,478988
1,17496,499132
1,261,52165
1,391,78179
1,280,55870
1,280,55960
1,376,75028
1,376,75187
1,398,79509
1,3760,251859
1,3717,243248
1,3754,250678
1,4126,325073
1,3804,260626
1,3804,260661
1,4653,430472
1,4221,344189
1,4041,308116
1,5602,120365
1,5666,133173
1,4288,357541
1,4402,380228
1,4402,380301
1,4900,479848
1,6135,226957
1,6135,226985
1,6407,281300
1,6076,215170
1,5210,41922
1,5300,59967
1,5380,75867
1,5806,161022
1,5522,104264
1,5545,108938
1,5823,164532
1,5938,187541
1,5857,171219
1,9743,448521
1,9743,448519
1,4569,413630
1,4959,491650
1,4961,492122
1,4961,492141
1,4966,493043
1,4967,493273
1,4967,493383
1,5100,19826
1,5103,20598
1,5494,98727
1,7794,58735
1,7549,9641
1,7585,16915
1,9051,310040
1,9137,327271
1,9156,331141
1,9026,305003
1,9026,305186
1,10231,46108
1,10235,46885
1,10709,141610
1,9363,372514
1,9851,470054
1,9934,486660
1,9844,468662
1,9844,468701
1,9139,327678
1,9506,401105
1,9519,403743
1,9514,402719
1,9612,422309
1,9974,494684
1,12732,46358
1,13459,191644
1,13600,219957
1,13693,238508
1,13839,267640
1,13860,271926
1,14050,309802
1,14050,309904
1,14054,310667
1,5323,64494
1,5415,82937
1,5508,101585
1,5664,132779
1,5717,143298
1,5723,144584
1,5959,191687
1,6220,243815
1,6289,257623
1,6328,265432
1,6351,270179
1,10082,16253
1,10082,16296
1,10190,37804
1,10154,30625
1,10705,140887
1,10262,52348
1,10450,89826
1,10156,31156
1,10161,32012
1,10459,91629
1,10724,144722
1,10724,144747
1,10323,64546
1,10363,72407
1,10363,72586
1,10347,69286
1,10702,140370
1,10753,150439
1,10753,150555
1,10489,97614
1,10489,97646
1,10570,113846
1,10282,56375
1,10259,51685
1,10411,82180
1,10276,55148
1,10340,67911
1,10335,66932
1,10447,89398
1,10384,76735
1,10437,87237
1,10462,92245
1,12280,455978
1,10159,31749
1,10265,52866
1,10292,58268
1,10606,121104
1,10733,146406
1,10720,143818
1,10743,148432
1,10749,149618
1,10749,149669
1,10746,149054
1,11102,220226
1,11122,224243
1,11034,206627
1,11003,200537
1,11137,227238
1,11137,227329
1,11234,246710
1,11268,253447
1,11289,257766
1,11292,258360
1,11354,270643
1,11482,296343
1,11345,268842
1,11403,280536
1,11407,281292
1,11421,284107
1,12148,429416
1,11818,363524
1,11818,363581
1,2755,51000
1,2838,67408
1,2911,82092
1,4241,348042
1,17000,399962
1,17215,442943
1,9807,461283
1,9643,428409
1,9647,429350
1,9938,487559
1,16838,367490
1,17411,482085
1,11423,284481
1,11558,311406
1,11512,302331
1,11845,368895
1,11765,352862
1,11933,386595
1,11939,387723
1,11939,387796
1,11986,397089
1,12067,413350
1,12110,421950
1,12103,420453
1,12103,420502
1,12347,469277
1,12798,59524
1,12820,63857
1,12800,59882
1,12811,62077
1,12848,69452
1,12846,69065
1,12846,69180
1,12830,65965
1,12914,82634
1,12924,84673
1,12868,73546
1,12880,75945
1,12877,75297
1,12887,77277
1,12910,81836
1,12996,99151
1,13397,179396
1,13569,213701
1,13482,196319
1,13767,253339
1,13664,232765
1,13679,235623
1,13940,287972
1,13814,262690
1,13845,268851
1,13869,273728
1,13878,275565
1,13923,284422
1,14113,322511
1,16676,335004
1,16695,338893
1,16783,356432
1,16766,353109
1,17470,493876
1,17470,493902
1,17481,496068
1,17484,496744
1,17495,498817
1,6489,297774
1,8122,124252
1,5532,106264
1,5841,168123
1,9397,379213
1,9721,444192
1,9769,453662
1,9788,457541
1,9961,492196
1,12769,53787
1,12582,16325
1,12607,21347
1,12657,31358
1,12593,18563
1,13104,120607
1,13104,120634
1,12759,51634
1,12759,51742
1,12767,53217
1,12964,92710
1,13049,109711
1,13049,109772
1,12094,418714
1,12209,441771
1,12387,477342
1,16739,347740
1,16739,347764
1,16779,355747
1,16795,358866
1,16805,360907
1,16872,374356
1,16823,364415
1,16823,364471
1,16968,393485
1,16982,396322
1,16907,381335
1,16984,396608
1,17198,439587
1,17327,465205
1,17302,460326
1,17185,436842
1,17027,405232
1,17028,405599
1,17106,421065
1,17123,424415
1,17123,424530
1,17233,446469
1,17233,446578
1,17245,448950
1,85,16989
1,89,17645
1,132,26305
1,480,95954
1,2581,16125
1,403,80430
1,2646,29020
1,3172,134216
1,3421,184136
1,3473,194425
1,3608,221531
1,3694,238792
1,2460,491928
1,789,157705
1,2839,67631
1,2839,67720
1,3205,140993
1,3132,126265
1,3278,155449
1,2765,52928
1,3131,126120
1,3142,128309
1,3137,127270
1,3687,237308
1,3640,227997
1,13993,298479
1,14017,303338
1,14076,315033
1,14021,304109
1,14088,317552
1,14090,317854
1,14097,319326
1,14112,322271
1,14221,344122
1,16238,247450
1,16299,259608
1,16299,259621
1,16334,266603
1,16417,283340
1,16459,291627
1,16599,319749
1,16656,331034
1,16509,301634
1,16565,312988
1,16537,307394
1,16827,365322
1,16827,365374
1,16602,320286
1,16713,342440
1,16738,347410
1,16732,346367
1,16771,354119
1,16767,353328
1,16911,382001
1,16993,398520
1,16993,398570
1,17062,412223
1,17020,403804
1,17020,403931
1,15135,26823
1,1687,337399
1,1695,338973
1,5931,186064
1,10000,499855
1,16001,200062
1,16195,238832
1,16936,387095
1,8960,291835
1,12518,3502
1,13015,102882
1,13015,102894
1,13015,102951
1,9246,349003
1,11890,377968
1,11046,209083
1,11149,229675
1,11149,229780
1,11382,276210
1,11401,280040
1,11477,295304
1,11483,296477
1,11498,299455
1,11581,316032
1,11584,316735
1,11664,332784
1,11665,332888
1,11665,332939
1,11474,294612
1,11517,303259
1,11517,303314
1,11696,339147
1,11785,356928
1,11722,344253
1,11727,345309
1,11738,347486
1,11738,347546
1,11738,347592
1,11897,379297
1,12020,403914
1,12028,405482
1,12042,408291
1,12046,409076
1,12278,455473
1,12426,485051
1,11943,388579
1,12270,453926
1,12130,425938
1,12412,482389
1,12340,467880
1,12444,488613
1,12993,98594
1,12995,99000
1,12639,27639
1,13355,170926
1,13355,170938
1,13457,191254
1,13101,120123
1,13351,170090
1,13351,170107
1,13351,170125
1,13398,179424
1,11994,398788
1,11967,393354
1,11998,399449
1,12013,402581
1,12063,412508
1,12129,425718
1,12158,431465
1,12177,435376
1,12210,441815
1,12227,445315
1,12112,422244
1,12198,439422
1,12237,447374
1,12287,457272
1,12401,480188
1,12397,479201
1,12397,479240
1,12405,480967
1,12499,499675
1,12421,484076
1,12828,65439
1,5246,49068
1,5397,79309
1,5758,151580
1,5762,152380
1,5779,155642
1,5779,155690
1,5805,160930
1,5798,159446
1,5798,159545
1,5798,159593
1,6970,393836
1,7032,406344
1,7094,418620
1,7067,413293
1,7037,407224
1,7086,417198
1,7079,415797
1,7081,416074
1,7081,416147
1,7124,424701
1,7113,422561
1,8619,223602
1,8738,247442
1,8738,247534
1,8624,224737
1,8634,226731
1,8645,228973
1,8843,268545
1,8886,277028
1,8977,295215
1,8977,295247
1,8977,295346
1,10001,197
1,10027,5352
1,10053,10507
1,10068,13431
1,10132,26223
1,9076,315088
1,9602,420248
1,9621,424064
1,10605,120838
1,10860,171879
1,10674,134654
1,10982,196315
1,11094,218714
1,11436,287131
1,11386,277035
1,11201,240192
1,11419,283645
1,11565,312901
1,11565,312905
1,11565,312956
1,11577,315285
1,11577,315325
1,11633,326437
1,10827,165354
1,10786,157053
1,10918,183440
1,10935,186945
1,10895,178914
1,11056,211052
1,4705,440831
1,4179,335755
1,4299,359734
1,4384,376607
1,4711,442096
1,8895,278864
1,8752,250337
1,7069,413607
1,9963,492519
1,16853,370470
1,16589,317729
1,16538,307498
1,16627,325237
1,16678,335491
1,16725,344853
1,16703,340418
1,5997,199390
1,6002,200212
1,7705,40829
1,8670,233819
1,8670,233823
1,8670,233965
1,8015,102841
1,8159,131694
1,8027,105389
1,12945,88930
1,13078,115517
1,13105,120939
1,13028,105584
1,13036,107079
1,13082,116338
1,13551,210140
1,12297,459306
1,12239,447747
1,12243,448521
1,12243,448570
1,12300,459822
1,12300,459964
1,12377,475344
1,12372,474216
1,12372,474253
1,12372,474326
1,12431,486081
1,12661,32037
1,12480,495905
1,12495,498899
1,12616,23157
1,12624,24691
1,12636,27026
1,12580,15964
1,12682,36343
1,15895,178949
1,16887,377343
1,17015,402834
1,16924,384611
1,16189,237696
1,16462,292310
1,16462,292343
1,16406,281184
1,16764,352776
1,17428,485465
1,17381,476075
1,16480,295963
1,16517,303207
1,16634,326658
1,16523,304500
1,16590,317880
1,16591,318122
1,16638,327545
1,16708,341452
1,16709,341780
1,16683,336490
1,2753,50453
1,2820,64000
1,18,3438
1,95,18927
1,158,31450
1,269,53637
1,3110,121985
1,3454,190654
1,3454,190792
1,4639,427612
1,3904,280627
1,7307,461307
1,8288,157404
1,7675,34870
1,13074,114659
1,13175,134918
1,13262,152205
1,13262,152297
1,13157,131290
1,13257,151233
1,13285,156807
1,13353,170516
1,13465,192992
1,9571,414151
1,9583,416534
1,7651,30161
1,7775,54917
1,8174,134641
1,9263,352526
1,9269,353603
1,15675,134956
1,16382,276320
1,17376,475188
1,16375,274871
1,16198,239525
1,16300,259848
1,6399,279701
1,10767,153257
1,10985,196813
1,10984,196625
1,13182,136344
1,13182,136353
1,11189,237687
1,11492,298208
1,11066,213027
1,11066,213140
1,11093,218480
1,11594,318767
1,11594,318761
1,11855,370865
1,11621,324088
1,11992,398256
1,11992,398358
1,11707,341296
1,11780,355851
1,11955,390811
1,10590,117859
1,10586,117020
1,10388,77421
1,10510,101821
1,10682,136336
1,10516,103191
1,10608,121441
1,10838,167421
1,10849,169763
1,10633,126413
1,12715,42948
1,10779,155712
1,10779,155738
1,12451,490134
1,12568,13522
1,12585,16929
1,12745,48851
1,12774,54798
1,696,139069
1,701,140004
1,815,162973
1,856,171013
1,904,180762
1,1427,285288
1,1084,216747
1,1087,217208
1,1107,221284
1,1296,259037
1,1312,262273
1,1312,262294
1,1131,226185
1,1226,245006
1,1226,245059
1,1779,355763
1,1788,357441
1,1270,253904
1,1270,253977
1,2427,485239
1,6159,231637
1,6207,241274
1,6298,259567
1,6299,259706
1,6325,264965
1,6340,267971
1,6338,267402
1,6345,268832
1,6345,268894
1,6410,281900
1,6411,282025
1,6412,282399
1,6425,284842
1,6426,285008
1,6428,285510
1,6428,285527
1,6436,287051
1,5729,145714
1,5739,147620
1,5950,189910
1,6160,231839
1,6164,232604
1,6447,289287
1,6408,281569
1,6409,281670
1,6347,269207
1,6347,269208
1,6451,290192
1,6474,294708
1,6591,318186
1,6735,346919
1,6574,314780
1,6614,322646
1,8998,299433
1,9017,303348
1,6366,273068
1,6637,327264
1,7424,484730
1,7411,482007
1,7443,488470
1,7448,489404
1,7491,498170
1,7957,91340
1,7957,91385
1,8378,175497
1,8395,178942
1,8395,178967
1,8714,242623
1,8718,243432
1,8930,285968
1,6606,321185
1,6733,346516
1,6820,363919
1,6897,379227
1,6902,380232
1,6899,379681
1,6909,381758
1,6911,382141
1,6964,392613
1,6953,390589
1,6955,390840
1,6955,390955
1,6960,391999
1,6961,392177
1,6870,373936
1,6876,375172
1,6893,378503
1,6905,380857
1,6905,380884
1,6927,385357
1,6916,383039
1,6951,390161
1,6934,386785
1,6998,399512
1,7095,418981
1,104,20773
1,5440,87888
1,8874,274666
1,8874,274702
1,624,124746
1,549,109648
1,549,109795
1,575,114895
1,581,116111
1,658,131560
1,849,169754
1,1443,288418
1,1819,363785
1,1327,265202
1,1375,274899
1,1338,267477
1,1338,267592
1,2400,479976
1,1383,276414
1,1603,320410
1,1948,389551
1,2561,12002
1,2561,12085
1,10947,189342
1,12768,53580
1,13509,201621
1,13509,201736
1,13509,201754
1,11100,219804
1,11141,228176
1,11348,269493
1,1563,312471
1,1744,348722
1,1789,357710
1,1938,387598
1,8661,232160
1,2704,40622
1,3469,193791
1,8217,143351
1,5343,68542
1,5441,88145
1,1877,375313
1,1878,375501
1,2908,81462
1,3471,194181
1,8097,119390
1,8172,134287
1,8529,205800
1,3933,286406
1,3933,286544
1,4210,341955
1,7018,403488
1,7104,420674
1,5546,109045
1,2669,33790
1,8009,101637
1,8828,265493
1,6304,260758
1,6312,262280
1,6310,261859
1,6715,342871
1,6715,342995
1,6724,344736
1,6813,362446
1,6929,385689
1,6933,386455
1,6941,388090
1,5252,50261
1,5327,65294
1,5262,52329
1,5257,51229
1,5334,66672
1,5334,66696
1,5471,94043
1,5485,96963
1,5551,110149
1,5530,105904
1,5734,146731
1,5634,126686
1,6446,289158
1,6446,289186
1,6446,289191
1,6459,291629
1,6467,293319
1,6463,292463
1,6464,292649
1,6465,292860
1,6472,294311
1,6585,316895
1,6581,316057
1,6578,315576
1,6625,324916
1,7140,427890
1,7142,428392
1,7153,430415
1,7150,429975
1,7156,431005
1,7168,433439
1,7176,435095
1,7167,433262
1,7189,437695
1,7189,437707
1,7182,436367
1,7186,437126
1,7187,437317
1,7204,440644
1,7196,439124
1,7198,439442
1,7206,441147
1,7219,443638
1,7205,440929
1,7210,441872
1,7441,488182
1,7992,98211
1,7992,98277
1,7225,444952
1,7442,488364
1,7454,490657
1,7466,493121
1,7496,499056
1,7739,47640
1,7516,3100
1,7520,3842
1,8444,188723
1,7910,81930
1,7910,81973
1,7914,82638
1,7935,86998
1,7906,81033
1,8081,116175
1,8233,146600
1,8306,161117
1,8403,180506
1,8330,165932
1,10454,90664
1,10182,36219
1,10063,12432
1,10483,96513
1,10070,13963
1,10168,33416
1,10120,23982
1,10184,36711
1,10222,44248
1,10337,67225
1,10337,67383
1,10385,76956
1,10371,74120
1,10394,78768
1,10418,83463
1,10529,105677
1,10453,90501
1,10522,104225
1,10554,110638
1,10907,181267
1,10951,190076
1,11007,201240
1,11081,216109
1,11107,221358
1,11223,244502
1,11470,293910
1,11590,317827
1,11545,309000
1,2809,61790
1,579,115603
1,725,144807
1,725,144824
1,564,112724
1,737,147303
1,784,156766
1,794,158673
1,794,158680
1,802,160217
1,2396,479176
1,1029,205728
1,4063,312488
1,468,93561
1,3018,103434
1,478,95413
1,8735,246929
1,2787,57350
1,524,104655
1,763,152505
1,950,190000
1,1208,241493
1,9801,460070
1,6318,263523
1,1326,265165
1,1494,298640
1,1494,298713
1,2871,74038
1,6256,251003
1,6131,226142
1,6482,296233
1,6655,330937
1,6656,331120
1,6662,332363
1,2128,425568
1,2982,96340
1,10015,2859
1,10085,16952
1,10291,58164
1,10143,28418
1,10035,6887
1,10349,69795
1,10111,22021
1,10067,13355
1,10218,43538
1,3517,203228
1,2457,491216
1,3200,139926
1,3416,183156
1,3011,102015
1,3367,173242
1,3462,192312
1,3854,270621
1,3506,201127
1,4048,309425
1,3036,107040
1,3049,109661
1,3078,115584
1,3376,175121
1,3115,122868
1,3130,125835
1,3381,176183
1,3388,177573
1,3396,179123
1,3401,180040
1,3401,180198
1,3394,178623
1,3406,181061
1,3606,221052
1,3606,221102
1,3540,207971
1,4228,345482
1,4943,488592
1,6398,279504
1,6398,279578
1,5012,2397
1,5148,29527
1,7752,50277
1,6582,316306
1,6582,316336
1,6810,361982
1,6510,301983
1,6510,301985
1,2710,41890
1,2794,58763
1,8407,181290
1,1433,286588
1,2331,466065
1,2072,414251
1,3884,276781
1,3576,215153
1,4079,315664
1,4797,459219
1,4888,477551
1,4613,422594
1,12925,84880
1,12925,84931
1,11973,394426
1,11725,344935
1,11587,317371
1,11638,327416
1,11642,328357
1,11645,328928
1,11646,329197
1,11650,329916
1,11463,292445
1,10712,142217
1,10588,117558
1,10513,102421
1,10577,115208
1,10768,153524
1,10797,159275
1,10956,191069
1,10971,194028
1,11119,223630
1,11203,240490
1,11282,256244
1,13215,142813
1,13617,223358
1,13566,213080
1,13710,241816
1,13787,257253
1,13837,267207
1,13740,247907
1,13823,264434
1,13823,264566
1,13830,265953
1,13832,266236
1,13832,266251
1,13831,266073
1,13939,287759
1,13264,152686
1,13592,218333
1,13323,164414
1,13359,171656
1,13379,175798
1,13559,211766
1,13505,200967
1,13514,202653
1,13732,246378
1,13542,208369
1,16347,269365
1,15657,131209
1,15657,131235
1,16119,223691
1,17019,403749
1,16419,283627
1,16518,303420
1,15913,182569
1,16905,380913
1,16774,354721
1,16727,345244
1,16753,350530
1,287,57378
1,8944,288649
1,8355,170850
1,8238,147565
1,2005,400868
1,3560,211971
1,156,31193
1,339,67728
1,476,95095
1,689,137727
1,3529,205754
1,3925,284907
1,5935,186945
1,618,123567
1,619,123795
1,1566,313172
1,7396,479158
1,8365,172877
1,8390,177878
1,8652,230210
1,8652,230263
1,8820,263895
1,9158,331592
1,2708,41516
1,8315,162871
1,8251,150112
1,8283,156432
1,8357,171261
1,6669,333631
1,7357,471336
1,9132,326303
1,2875,74996
1,5284,56677
1,6099,219682
1,9108,321500
1,9173,334516
1,9491,398197
1,9494,398675
1,9494,398770
1,7339,467795
1,5417,83368
1,5418,83505
1,7947,89367
1,7923,84491
1,7923,84571
1,7927,85359
1,8340,167859
1,5699,139755
1,7431,486121
1,7397,479267
1,7430,485848
1,9465,392809
1,8931,286192
1,8921,284106
1,8935,286834
1,8935,286876
1,9096,319139
1,9745,448803
1,10530,105863
1,10739,147652
1,10884,176647
1,10855,170902
1,10924,184746
1,10952,190351
1,11055,210804
1,11055,210834
1,11061,212192
1,11120,223813
1,11121,224186
1,11241,248097
1,11109,221603
1,11300,259830
1,11300,259979
1,11300,259996
1,11605,320856
1,12727,45287
1,12623,24557
1,13149,129759
1,13161,132083
1,13031,106147
1,13031,106200
1,13223,144597
1,13228,145553
1,13245,148954
1,13306,161052
1,13315,162818
1,13260,151933
1,13429,185783
1,12077,415384
1,12089,417675
1,12125,424890
1,12136,427020
1,12141,428135
1,12143,428483
1,12447,489203
1,12378,475483
1,12440,487869
1,12498,499522
1,12534,6664
1,12599,19725
1,12823,64543
1,12835,66829
1,12961,92137
1,13297,159327
1,12462,492331
1,12510,1872
1,12569,13762
1,12523,4524
1,12541,8087
1,12673,34516
1,12841,68034
1,12981,96032
1,12709,41667
1,13007,101204
1,12977,95206
1,12977,95259
1,13032,106364
1,13256,151056
1,13020,103819
1,13025,104912
1,13038,107470
1,13066,113126
1,8263,152423
1,3740,247911
1,4030,305832
1,5810,161816
1,9429,385603
1,15750,149822
1,16114,222619
1,16114,222746
1,16401,280130
1,16460,291922
1,16837,367238
1,8761,252074
1,5496,99043
1,8682,236345
1,6073,214523
1,6223,244439
1,9705,440852
1,9814,462718
1,9630,425808
1,9630,425993
1,9836,467157
1,9653,430509
1,9675,434891
1,9696,439177
1,9768,453578
1,9947,489363
1,15781,156187
1,15950,189866
1,13524,204624
1,13575,214890
1,13596,219053
1,13623,224529
1,13658,231493
1,13702,240315
1,13690,237968
1,13780,255829
1,13780,255990
1,13762,252347
1,13763,252490
1,13752,250292
1,13752,250333
1,13854,270792
1,16832,366334
1,16576,315146
1,16662,332242
1,16687,337360
1,16770,353886
1,16825,364805
1,16825,364806
1,16825,364924
1,16843,368452
1,16878,375494
1,17060,412000
1,17052,410278
1,16900,379849
1,16902,380340
1,16959,391787
1,16935,386880
1,16944,388609
1,16944,388766
1,16955,390883
1,16973,394402
1,17100,419834
1,17182,436289
1,17048,409564
1,16983,396493
1,17113,422484
1,17148,429477
1,17148,429581
1,17192,438325
1,17342,468244
1,17291,458047
1,17472,494398
1,17383,476410
1,17402,480320
1,17399,479707
1,17386,477148
1,17408,481413
1,17416,483086
1,12758,51421
1,12824,64650
1,13003,100424
1,12838,67581
1,13113,122568
1,13170,133995
1,13110,121990
1,13133,126523
1,13204,140706
1,12916,83073
1,12916,83112
1,12900,79946
1,12905,80858
1,12920,83900
1,12922,84298
1,12999,99681
1,13000,99813
1,13011,102177
1,12921,84134
1,13070,113882
1,13114,122761
1,13189,137739
1,13189,137762
1,13086,117001
1,13086,117166
1,13135,126879
1,13136,127076
1,13145,128888
1,13181,136190
1,13512,202307
1,13163,132467
1,13237,147294
1,13210,141977
1,13289,157632
1,13369,173703
1,13235,146831
1,13255,150847
1,13266,153079
1,13304,160702
1,13319,163611
1,13372,174260
1,13284,156614
1,13389,177631
1,13422,184257
1,13789,257756
1,13739,247626
1,13875,274982
1,13886,277029
1,13902,280251
1,14069,313774
1,14060,311963
1,13364,172689
1,13294,158796
1,13581,216011
1,13581,216136
1,13352,170217
1,13341,168019
1,13582,216361
1,13502,200314
1,13580,215999
1,13686,237031
1,13757,251388
1,13874,274615
1,13889,277707
1,13986,297075
1,13275,154865
1,13268,153570
1,13288,157513
1,13288,157507
1,13334,166642
1,13334,166668
1,13365,172959
1,13441,188144
1,13384,176672
1,13449,189772
1,13347,169331
1,13368,173522
1,13392,178375
1,13413,182500
1,13447,189249
1,13470,193882
1,14035,306920
1,13458,191494
1,13517,203345
1,13593,218531
1,13494,198797
1,13656,231145
1,13605,220909
1,13620,223853
1,13829,265681
1,14092,318289
1,13942,288226
1,13953,290502
1,13634,226616
1,13671,234049
1,13897,279279
1,13705,240897
1,13771,254010
1,13841,268066
1,13861,272151
1,13856,271115
1,13805,260809
1,13941,288070
1,13843,268407
1,13843,268562
1,13887,277381
1,14016,303172
1,13926,285168
1,154,30626
1,412,82369
1,3159,131702
1,2558,11592
1,2612,22368
1,3646,229070
1,729,145763
1,761,152065
1,16233,246508
1,5293,58493
1,7676,35146
1,7667,33394
1,8776,255017
1,8776,255086
1,7703,40437
1,10648,129420
1,9234,346645
1,9417,383281
1,9423,384444
1,9582,416382
1,5774,154753
1,5800,159911
1,12293,458562
1,4177,335291
1,3815,262928
1,3871,274020
1,4885,476944
1,4194,338668
1,4106,321064
1,4157,331295
1,5502,100250
1,9888,477518
1,16216,243098
1,16207,241337
1,16484,296674
1,16566,313007
1,16345,268820
1,16345,268830
1,16354,270647
1,16427,285352
1,16447,289278
1,11358,271474
1,11360,271819
1,11342,268260
1,11486,297180
1,9585,416842
1,11559,311790
1,11675,334840
1,11675,334919
1,11677,335329
1,11786,357146
1,11841,368156
1,9448,389537
1,10077,15278
1,10216,43100
1,10078,15422
1,10097,19315
1,10100,19836
1,10657,131348
1,10497,99284
1,10711,142051
1,10990,197833
1,11636,327107
1,11067,213348
1,11237,247338
1,11027,205384
1,11135,226977
1,11384,276687
1,11154,230640
1,11202,240387
1,11220,243907
1,11245,248831
1,11314,262695
1,10897,179269
1,10957,191357
1,11505,300873
1,11017,203300
1,11196,239116
1,11197,239368
1,11242,248267
1,11363,272445
1,11526,305033
1,11526,305079
1,11578,315401
1,11781,356167
1,12304,460646
1,12304,460660
1,12380,475861
1,12091,418126
1,12258,451445
1,12010,401954
1,12415,482810
1,12073,414494
1,12381,476194
1,12161,432193
1,12223,444458
1,12211,442114
1,12240,447842
1,12228,445488
1,12246,449173
1,12284,456787
1,12365,472948
1,12365,472976
1,12408,481551
1,12469,493663
1,12646,29098
1,12105,420965
1,12139,427630
1,12244,448704
1,12244,448745
1,12204,440638
1,12212,442333
1,12260,451956
1,12291,458081
1,12315,462831
1,12298,459525
1,5985,196963
1,6145,228974
1,6196,239099
1,6319,263609
1,6336,267063
1,8305,160801
1,6617,323321
1,6731,346037
1,6767,353220
1,6819,363668
1,6842,368301
1,6842,368362
1,6864,372768
1,6846,369057
1,6865,372886
1,10290,57929
1,10128,25447
1,10153,30447
1,10269,53611
1,13595,218960
1,12261,452027
1,11025,204894
1,11026,205028
1,11214,242748
1,11254,250786
1,10621,124079
1,10507,101383
1,10548,109469
1,10622,124283
1,10603,120547
1,10651,130001
1,11073,214428
1,12151,430140
1,10630,125863
1,10666,133146
1,10757,151299
1,10818,163490
1,10808,161425
1,10876,175175
1,10896,179156
1,12505,904
1,11198,239405
1,11112,222220
1,11459,291601
1,11566,313144
1,11831,366002
1,11743,348455
1,11775,354824
1,11694,338628
1,11735,346969
1,11805,360963
1,11848,369538
1,11922,384308
1,14070,313895
1,13918,283477
1,13918,283541
1,14124,324752
1,14170,333923
1,14231,346001
1,17384,476795
1,17485,496965
1,177,35375
1,6491,298012
1,9065,312932
1,9178,335556
1,9318,363548
1,9318,363557
1,9325,364892
1,9427,385326
1,9803,460493
1,9881,476030
1,2986,97128
1,8880,275839
1,8983,296482
1,14141,328074
1,3822,264308
1,3843,268461
1,9401,380013
1,9401,380049
1,9693,438408
1,9800,459861
1,9856,471182
1,11603,320549
1,7689,37783
1,8354,170730
1,4580,415838
1,4580,416000
1,6057,211316
1,6057,211354
1,6484,296779
1,14719,443668
1,9146,329009
1,9284,356728
1,9531,406101
1,9903,480477
1,15544,108627
1,15544,108714
1,16075,214981
1,16139,227713
1,16171,234180
1,7672,34312
1,7672,34334
1,8000,99946
1,8260,151831
1,8201,140116
1,8765,252898
1,8765,252990
1,9598,419575
1,9457,391316
1,14140,327905
1,14173,334567
1,14212,342388
1,14223,344517
1,14319,363659
1,14355,370863
1,14399,379703
1,14457,391304
1,14469,393761
1,14471,394012
1,14676,435087
1,14974,494669
1,15002,373
1,15037,7339
1,15055,10996
1,15077,15305
1,15130,25977
1,15137,27213
1,15393,78591
1,15098,19470
1,15122,24381
1,15419,83746
1,15484,96706
1,15491,98045
1,15620,123988
1,2365,472921
1,1739,347688
1,1756,351005
1,1756,351084
1,1865,372853
1,1867,373292
1,7413,482485
1,3013,102474
1,3340,167995
1,4246,349037
1,3705,240857
1,1465,292853
1,1794,358782
1,1607,321207
1,1635,326948
1,2031,406043
1,1954,390778
1,1959,391620
1,1961,392155
1,2089,417639
1,2150,429917
1,2390,477865
1,2706,41079
1,2706,41142
1,8034,106726
1,2636,27005
1,2636,27093
1,3285,156865
1,3285,156919
1,3285,156940
1,6991,398187
1,1472,294268
1,1989,397756
1,1586,317107
1,1697,339216
1,1994,398621
1,2028,405522
1,2340,467846
1,2051,410179
1,2141,428011
1,1532,306384
1,1647,329250
1,2026,405097
1,2159,431637
1,2159,431660
1,2159,431661
1,9901,480059
1,9377,375368
1,9389,377639
1,9513,402535
1,9831,466060
1,2248,449538
1,2469,493781
1,2475,494890
1,2916,83127
1,3058,111564
1,3484,196752
1,3490,197922
1,3496,199009
1,3496,199188
1,4055,310982
1,3965,292875
1,3970,293922
1,3977,295213
1,3977,295287
1,3975,294966
1,4009,301715
1,2456,491168
1,2376,475013
1,2384,476695
1,2409,481793
1,2527,5221
1,3044,108601
1,3045,108803
1,2918,83438
1,3077,115318
1,3405,180935
1,3985,296892
1,4012,302303
1,4093,318571
1,4229,345620
1,4260,351833
1,4261,352179
1,4605,420987
1,4283,356513
1,4315,362932
1,4317,363209
1,4317,363348
1,4317,363376
1,4346,369019
1,4346,369197
1,4436,387141
1,3311,162015
1,5354,70601
1,4148,329422
1,4378,375500
1,4430,385903
1,4528,405593
1,4538,407549
1,240,47855
1,2754,50621
1,572,114281
1,572,114389
1,589,117620
1,840,167976
1,600,119874
1,601,120018
1,822,164260
1,820,163848
1,988,197573
1,984,196631
1,987,197234
1,5928,185478
1,430,85806
1,467,93371
1,657,131241
1,621,124021
1,977,195314
1,991,198164
1,1926,385156
1,1379,275723
1,1282,256389
1,1638,327432
1,2041,408166
1,2158,431490
1,2220,443858
1,6014,202694
1,6015,202951
1,6547,309254
1,7632,26268
1,7531,6111
1,8823,264409
1,7845,68904
1,7842,68288
1,7856,71039
1,7857,71345
1,7850,69846
1,8045,108935
1,7825,64960
1,8606,221158
1,8607,221359
1,8775,254965
1,16315,262872
1,16328,265507
1,16333,266539
1,16396,279110
1,16422,284250
1,16512,302350
1,16531,306161
1,16533,306560
1,16536,307174
1,16558,311455
1,15029,5782
1,15047,9270
1,15048,9412
1,15341,68188
1,15150,29853
1,15150,29939
1,15206,41015
1,15196,39154
1,15305,60812
1,15221,44019
1,14988,497407
1,15742,148354
1,15744,148617
1,15829,165673
1,15872,174383
1,15855,170988
1,16007,201349
1,15900,179935
1,15907,181266
1,15978,195566
1,16003,200572
1,16018,203591
1,16038,207460
1,16038,207499
1,16038,207595
1,1991,398131
1,2135,426976
1,7408,481480
1,5337,67213
1,7953,90530
1,8756,251187
1,7870,73890
1,8032,106338
1,8382,176384
1,8410,181907
1,8422,184382
1,5813,162443
1,5813,162570
1,3287,157264
1,3442,188390
1,3452,190366
1,2364,472742
1,7436,487099
1,7439,487783
1,3536,207019
1,4002,300266
1,4004,300684
1,4395,378919
1,4771,454186
1,9548,409483
1,9553,410573
1,9553,410589
1,5943,188478
1,5667,133326
1,5011,2162
1,5024,4789
1,5050,9910
1,5333,66599
1,7814,62783
1,8030,105917
1,9425,384855
1,15963,192522
1,16108,221514
1,16159,231727
1,5618,123541
1,6976,395016
1,6976,395183
1,7282,456363
1,7346,469018
1,7346,469073
1,7363,472531
1,7377,475341
1,7636,27047
1,7636,27119
1,8006,101042
1,7662,32246
1,7662,32323
1,8135,126947
1,7921,84151
1,7536,7153
1,7619,23747
1,7784,56672
1,7925,85000
1,8083,116455
1,8083,116594
1,6120,223878
1,6129,225758
1,6146,229057
1,8152,130354
1,8125,124958
1,8358,171517
1,8266,153042
1,8469,193626
1,8856,271006
1,7428,485597
1,7399,479769
1,7399,479763
1,8840,267830
1,7807,61215
1,7807,61367
1,8324,164649
1,8470,193848
1,8533,206480
1,8862,272283
1,7385,476960
1,9148,329456
1,9426,385050
1,9460,391925
1,7571,14007
1,8024,104641
1,7781,56085
1,7781,56161
1,7872,74238
1,8138,127468
1,8063,112453
1,8116,123067
1,8183,136463
1,8221,144194
1,9010,301968
1,9038,307592
1,15198,39556
1,15229,45723
1,15273,54567
1,15296,59120
1,15309,61787
1,15330,65861
1,15470,93853
1,15495,98807
1,15494,98733
1,15523,104493
1,16100,219954
1,16387,277328
1,319,63789
1,2788,57407
1,2788,57597
1,2789,57689
1,7998,99587
1,511,102125
1,512,102342
1,558,111417
1,707,141213
1,826,165118
1,1925,384998
1,1151,230021
1,1953,390410
1,3859,271713
1,372,74333
1,2690,37969
1,2639,27728
1,2729,45608
1,2889,77766
1,3171,134139
1,3030,105844
1,7039,407686
1,7039,407799
1,599,119700
1,688,137521
1,2439,487757
1,6984,396711
1,7251,450168
1,8580,215869
1,8103,120558
1,7515,2933
1,7517,3288
1,7543,8517
1,8420,183847
1,8113,122492
1,8343,168540
1,8345,168826
1,8641,228012
1,8641,228091
1,8597,219230
1,8766,253080
1,9376,375011
1,14267,353365
1,14334,366700
1,14386,377167
1,14367,373368
1,14356,371191
1,14388,377496
1,14391,378190
1,14372,374333
1,14417,383217
1,14430,385927
1,14448,389600
1,14484,396787
1,14632,426236
1,14939,487617
1,2058,411549
1,1937,387274
1,2246,449081
1,2539,7724
1,4137,327322
1,3838,267516
1,3901,280157
1,4007,301244
1,4007,301288
1,4017,303253
1,4017,303263
1,4029,305729
1,4039,307768
1,4482,396271
1,4554,410699
1,4799,459789
1,4799,459784
1,4761,452020
1,15854,170681
1,15854,170726
1,15854,170728
1,15879,175650
1,15879,175750
1,15803,160486
1,15942,188322
1,15811,162148
1,15996,199176
1,15885,176837
1,15941,188089
1,15948,189528
1,15841,168197
1,15847,169252
1,15888,177490
1,15917,183217
1,15892,178277
1,15932,186336
1,16226,245192
1,16242,248367
1,16222,244292
1,16222,244319
1,16280,255974
1,16377,275380
1,16293,258586
1,16359,271731
1,16367,273205
1,16340,267956
1,16421,284135
1,16350,269895
1,16360,271915
1,16467,293381
1,311,62199
1,323,64503
1,546,109022
1,556,111145
1,556,111180
1,919,183634
1,776,155007
1,777,155279
1,932,186299
1,941,188058
1,1006,201049
1,1020,203822
1,1040,207806
1,1207,241370
1,1374,274695
1,1374,274783
1,7586,17183
1,7698,39599
1,8128,125446
1,8785,256862
1,8585,216982
1,543,108444
1,15672,134275
1,15711,142084
1,15711,142147
1,16227,245267
1,16246,249008
1,16244,248687
1,1414,282746
1,2139,427778
1,9179,335686
1,1017,203376
1,1019,203771
1,1011,202148
1,1344,268799
1,1179,235669
1,1175,234801
1,1785,356916
1,1857,371374
1,1402,280292
1,1768,353546
1,1535,306954
1,7275,454894
1,5035,6848
1,3927,285215
1,4844,468792
1,6055,210891
1,6077,215386
1,6295,258888
1,6295,258893
1,9355,370886
1,7270,453805
1,7286,457116
1,5889,177764
1,5714,142679
1,5731,146141
1,4784,456800
1,4798,459415
1,6113,222491
1,6113,222517
1,6369,273722
1,5292,58395
1,8223,144566
1,8446,189071
1,8380,175827
1,5576,115179
1,5565,112885
1,6644,328706
1,4842,468383
1,4850,469835
1,4850,469906
1,4853,470480
1,4887,477223
1,6013,202479
1,6013,202542
1,6013,202596
1,6054,210799
1,6305,260866
1,5275,54864
1,5670,133887
1,5670,133999
1,7257,451322
1,9226,345084
1,9226,345166
1,5698,139566
1,5534,106603
1,5668,133590
1,5834,166629
1,6508,301523
1,9378,375588
1,9636,427065
1,9667,433390
1,6495,298848
1,8819,263763
1,2175,434926
1,5655,130941
1,6083,216547
1,9592,418353
1,9267,353230
1,9206,341046
1,56,11175
1,160,31951
1,178,35586
1,2866,73183
1,2981,96113
1,7712,42346
1,7671,34137
1,8149,129622
1,8257,151316
1,8876,275113
1,8965,292988
1,7364,472639
1,7336,467197
1,9035,306850
1,9035,306918
1,9135,326969
1,2484,496614
1,2489,497617
1,2698,39465
1,2698,39519
1,3410,181911
1,7770,53895
1,6080,215962
1,9707,441319
1,9746,449064
1,9993,498571
1,5044,8785
1,5060,11883
1,5557,111278
1,5562,112400
1,4287,357314
1,4448,389404
1,7723,44454
1,7723,44491
1,7810,61987
1,8972,294278
1,14345,368949
1,5707,141374
1,8195,138860
1,8468,193468
1,8502,200369
1,8592,218384
1,8584,216708
1,8835,266867
1,8879,275749
1,8905,280992
1,15690,137845
1,15876,175111
1,15968,193550
1,16160,231933
1,16167,233308
1,16167,233379
1,16170,233852
1,6212,242348
1,9775,454917
1,9775,454975
1,9313,362460
1,7392,478211
1,6676,335143
1,7051,410185
1,8372,174337
1,8398,179505
1,8375,174893
1,15439,87787
1,15477,95302
1,15485,96856
1,15490,97840
1,9210,341923
1,15505,100982
1,21,4008
1,21,4125
1,375,74926
1,2937,87228
1,2937,87260
1,527,105392
1,630,125843
1,636,127151
1,821,164027
1,821,164126
1,955,190868
1,958,191467
1,945,188969
1,957,191225
1,1256,251076
1,7429,485604
1,3419,183754
1,7648,29417
1,8350,169880
1,8489,197631
1,1118,223457
1,1251,250055
1,1573,314573
1,1544,308637
1,5719,143711
1,1533,306456
1,1549,309720
1,8966,293077
1,2995,98898
1,3174,134665
1,5066,13055
1,5066,13083
1,4036,307140
1,4908,481441
1,7042,408284
1,9544,408643
1,1669,333720
1,1986,397082
1,1751,350074
1,4793,458446
1,4793,458528
1,2634,26798
1,2722,44287
1,7883,76513
1,8095,118986
1,8222,144203
1,8421,184023
1,8421,184124
1,8267,153285
1,8268,153530
1,8801,260132
1,8871,274116
1,8988,297508
1,6537,307344
1,9464,392648
1,9464,392730
1,1737,347379
1,2187,437262
1,2187,437372
1,2192,438294
1,2523,4595
1,2702,40367
1,3133,126530
1,8650,229841
1,4444,388749
1,6519,303719
1,2963,92509
1,14157,331219
1,14157,331259
1,14146,329053
1,14150,329890
1,14156,331064
1,14163,332493
1,14312,362301
1,14171,334067
1,14446,389010
1,15041,8065
1,15076,15135
1,9121,324141
1,9228,345485
1,9536,407165
1,9253,350518
1,9997,499235
1,15586,117151
1,46,9070
1,157,31219
1,2831,66195
1,3150,129836
1,2501,132
1,2878,75420
1,3007,101290
1,2984,96659
1,550,109827
1,1852,370210
1,3669,233792
1,3915,282807
1,3935,286950
1,3954,290708
1,3954,290716
1,180,35916
1,386,77077
1,445,88955
1,445,88986
1,3337,167245
1,3337,167399
1,2512,2347
1,1409,281686
1,1410,281939
1,2186,437021
1,2014,402749
1,7066,413091
1,14387,377263
1,14296,359168
1,14292,358205
1,14376,375012
1,14433,386591
1,14445,388977
1,14463,392511
1,14463,392565
1,14467,393321
1,14618,423543
1,14587,417390
1,3326,165008
1,5071,14061
1,5154,30735
1,3336,167013
1,3335,166814
1,3357,171371
1,1971,394168
1,2061,412075
1,432,86310
1,2777,55254
1,472,94243
1,2536,7037
1,2124,424637
1,2310,461880
1,2310,461885
1,1807,361284
1,1807,361321
1,1041,208120
1,2424,484649
1,936,187101
1,921,184180
1,918,183492
1,48,9555
1,3094,118771
1,14305,360859
1,15396,79063
1,15396,79085
1,2114,422741
1,4175,334898
1,9623,424454
1,14563,412463
1,1356,271154
1,1704,340660
1,1629,325695
1,1629,325763
1,1765,352994
1,1978,395493
1,2764,52663
1,2770,53902
1,2770,53914
1,8706,241152
1,4499,399767
1,4578,415590
1,4500,399880
1,4521,404082
1,4549,409781
1,4598,419420
1,4598,419449
1,4559,411756
1,4760,451934
1,4624,424627
1,4744,448792
1,6374,274731
1,6646,329178
1,6639,327781
1,7630,25810
1,7640,27886
1,16141,228055
1,16141,228111
1,16257,251211
1,16603,320531
1,8769,253788
1,2538,7553
1,2538,7590
1,831,166098
1,854,170602
1,2043,408433
1,1381,276193
1,1205,240993
1,1500,299918
1,1500,299980
1,1195,238949
1,1464,292766
1,1509,301722
1,1509,301756
1,4161,332092
1,4213,342496
1,4181,336010
1,4222,344301
1,4379,375670
1,4512,402304
1,7620,23843
1,7624,24668
1,8408,181550
1,8454,190735
1,8494,198664
1,8464,192703
1,8464,192747
1,8486,197123
1,8598,219500
1,8549,209673
1,8587,217294
1,9177,335222
1,9177,335393
1,16187,237269
1,16187,237288
1,16218,243420
1,15141,28151
1,15174,34642
1,15177,35254
1,15344,68608
1,15437,87300
1,15430,85902
1,9060,311804
1,14848,469455
1,14858,471438
1,14861,472049
1,14994,498734
1,15217,43246
1,15284,56696
1,15335,66909
1,15406,81176
1,15445,88931
1,15947,189328
1,15949,189646
1,15967,193295
1,16021,204134
1,16013,202576
1,16000,199975
1,15986,197032
1,15986,197160
1,16068,213443
1,16072,214257
1,16016,203062
1,16054,210731
1,16063,212484
1,16035,206999
1,16087,217286
1,16089,217756
1,4344,368644
1,4344,368692
1,4344,368706
1,4344,368785
1,4349,369730
1,4359,371632
1,4359,371658
1,4374,374653
1,4374,374795
1,4371,374005
1,4437,387253
1,4575,414808
1,4975,494918
1,4977,495276
1,4977,495285
1,4981,496048
1,4981,496129
1,5093,18543
1,4956,491030
1,5002,201
1,5101,20191
1,5165,32966
1,5192,38230
1,5183,36421
1,5191,38071
1,5216,43155
1,5229,45754
1,5223,44494
1,5226,45050
1,5237,47282
1,5248,49465
1,5249,49672
1,5251,50155
1,5259,51787
1,5260,51908
1,5263,52543
1,10403,80465
1,10788,157551
1,10791,158088
1,12736,47035
1,13231,146191
1,11448,289538
1,11625,324908
1,11541,308142
1,11724,344638
1,11681,336060
1,12178,435594
1,12034,406667
1,12034,406789
1,12389,477753
1,11139,227696
1,11356,271086
1,11377,275368
1,11400,279834
1,11429,285762
1,11553,310410
1,11747,349260
1,12299,459706
1,12363,472600
1,12793,58434
1,11160,231826
1,11160,231835
1,11178,235547
1,11179,235793
1,11329,265778
1,12050,409984
1,12175,434931
1,12175,434984
1,12326,465096
1,13700,239877
1,11878,375469
1,11911,382076
1,11932,386244
1,11980,395934
1,12191,438193
1,12220,443880
1,12947,89251
1,14006,301160
1,14038,307590
1,2092,418210
1,1645,328837
1,1649,329625
1,1684,336741
1,2363,472434
1,1840,367907
1,2203,440459
1,2203,440497
1,3349,169607
1,6020,203890
1,3742,248353
1,3878,275402
1,3878,275500
1,1401,280015
1,3443,188480
1,7623,24589
1,3568,213585
1,3577,215337
1,4594,418675
1,4968,493447
1,1572,314311
1,1715,342989
1,1726,345183
1,1941,388067
1,2178,435579
1,1888,377538
1,1890,377860
1,2099,419707
1,2200,439860
1,7125,424958
1,2766,53084
1,2785,56921
1,3569,213714
1,4423,384590
1,4450,389901
1,4257,351367
1,4417,383328
1,4470,393906
1,4498,399558
1,4736,447169
1,4125,324820
1,4125,324963
1,7882,76241
1,7885,76947
1,8953,290418
1,8953,290494
1,8955,290862
1,9367,373388
1,9421,384085
1,9772,454387
1,25,4873
1,25,4919
1,197,39330
1,59,11649
1,79,15798
1,137,27381
1,51,10149
1,73,14487
1,190,37834
1,283,56566
1,1111,222002
1,1111,222167
1,1458,291426
1,1137,227270
1,1144,228605
1,348,69436
1,2540,7953
1,2534,6732
1,2666,33145
1,8547,209234
1,8130,125870
1,4394,378684
1,5652,130217
1,1576,315093
1,1222,244363
1,502,100320
1,2942,88287
1,2607,21259
1,2728,45463
1,2757,51305
1,2718,43468
1,2815,62938
1,2973,94529
1,1935,386968
1,2375,474989
1,2319,463681
1,2261,452110
1,2406,481065
1,1519,303674
1,1558,311425
1,1517,303339
1,1845,368974
1,1882,376269
1,1933,386445
1,1881,376122
1,4120,323984
1,2626,25041
1,2694,38623
1,2711,42154
1,2825,64827
1,3091,118068
1,3091,118107
1,3261,152092
1,3261,152132
1,3288,157405
1,3297,159369
1,7852,70400
1,4032,306346
1,3590,217910
1,4815,462824
1,3657,231205
1,4488,397565
1,5537,107302
1,14917,483284
1,14786,457103
1,14809,461770
1,15529,105722
1,15920,183838
1,3689,237794
1,4625,424919
1,4627,425281
1,4632,426280
1,4319,363616
1,4425,384993
1,4739,447672
1,9774,454631
1,4788,457480
1,4788,457566
1,6081,216186
1,5339,67784
1,8484,196611
1,8484,196773
1,8659,231780
1,8426,185005
1,7674,34620
1,7893,78567
1,7228,445527
1,7335,466815
1,7402,480345
1,5735,146892
1,5767,153298
1,9764,452724
1,6082,216376
1,6004,200616
1,6112,222309
1,6634,326627
1,6761,352127
1,7253,450425
1,8777,255206
1,8668,233451
1,8884,276769
1,13937,287275
1,9400,379906
1,9175,334908
1,9175,334952
1,9472,394244
1,9562,412375
1,9932,486303
1,15617,123201
1,15792,158398
1,15828,165519
1,16047,209385
1,16161,232194
1,14405,380932
1,15111,22037
1,15162,32235
1,15006,1167
1,15040,7961
1,15195,38993
1,14697,439375
1,14705,440886
1,14709,441741
1,14754,450690
1,14844,468707
1,14927,485340
1,14909,481761
1,14979,495695
1,14475,394969
1,14515,402981
1,14505,400869
1,14517,403309
1,14571,414093
1,14695,438954
1,14589,417704
1,14671,434074
1,14634,426667
1,14634,426734
1,14647,429329
1,14711,442040
1,14711,442126
1,14646,429193
1,14703,440556
1,14703,440594
1,14683,436449
1,14683,436549
1,14736,447166
1,14847,469290
1,14853,470450
1,14853,470483
1,14831,466075
1,14831,466156
1,14893,478470
1,14893,478483
1,14907,481276
1,14932,486344
1,15142,28273
1,15101,20010
1,15115,22978
1,227,45390
1,290,57936
1,293,58562
1,435,86971
1,296,59171
1,307,61337
1,1341,268149
1,1460,291912
1,1491,298115
1,2140,427888
1,2140,427933
1,571,114028
1,591,118019
1,591,118168
1,368,73559
1,2712,42331
1,8939,287794
1,5500,99986
1,1119,223609
1,1299,259615
1,1304,260652
1,1304,260768
1,1456,291027
1,1183,236446
1,1183,236561
1,2039,407761
1,1234,246612
1,1810,361863
1,1423,284486
1,593,118543
1,893,178590
1,903,180487
1,744,148665
1,764,152793
1,901,180061
1,925,184874
1,925,184941
1,7477,495267
1,2800,59996
1,3259,151681
1,3193,138581
1,3193,138599
1,3164,132699
1,3663,232494
1,3770,253847
1,3770,253857
1,3665,232935
1,3788,257495
1,4203,340418
1,9665,432898
1,3552,210209
1,3549,209663
1,3743,248428
1,3743,248592
1,3816,263021
1,4294,358696
1,4601,420016
1,3874,274625
1,3874,274644
1,3874,274734
1,3882,276383
1,7964,92634
1,8674,234669
1,8337,167366
1,8781,256047
1,8833,266533
1,8851,270155
1,8848,269543
1,8986,297178
1,9441,388173
1,9443,388481
1,9251,350093
1,15877,175261
1,15654,130752
1,15671,134154
1,15755,150933
1,15677,135211
1,15677,135388
1,15725,144954
1,15729,145687
1,15826,165090
1,15826,165136
1,15699,139686
1,15759,151661
1,15759,151743
1,15823,164449
1,15823,164540
1,15770,153976
1,15834,166781
1,2782,56248
1,2827,65296
1,2855,70947
1,2858,71498
1,848,169533
1,3672,234258
1,3613,222415
1,9290,357828
1,9290,357871
1,1858,371581
1,2934,86666
1,2938,87486
1,2968,93475
1,2954,90736
1,2967,93373
1,3184,136742
1,3154,130729
1,3296,159153
1,3303,160563
1,3583,216527
1,3594,218799
1,3511,202023
1,3459,191783
1,3516,203144
1,4082,316209
1,3716,243099
1,3707,241398
1,3719,243626
1,4103,320491
1,4152,330261
1,4382,376242
1,4187,337280
1,4187,337327
1,4619,423700
1,4508,401519
1,5048,9538
1,5048,9544
1,5069,13602
1,5122,24267
1,5122,24325
1,5298,59444
1,5448,89522
1,5892,178231
1,5897,179297
1,6062,212344
1,6350,269965
1,6404,280786
1,6395,278984
1,6475,294831
1,6538,307561
1,6536,307145
1,6545,308994
1,6974,394673
1,211,42178
1,8415,182828
1,8416,183171
1,295,58833
1,3433,186402
1,2541,8131
1,1083,216527
1,1263,252584
1,1382,276336
1,1404,280631
1,1591,318052
1,1872,374327
1,2174,434708
1,2180,435857
1,692,138277
1,832,166264
1,975,194999
1,8567,213227
1,8599,219633
1,15481,96052
1,5563,112413
1,5759,151712
1,15579,115727
1,15651,130012
1,15651,130172
1,15632,126323
1,15845,168846
1,15650,130000
1,15804,160795
1,15777,155223
1,2219,443613
1,2219,443697
1,2651,30091
1,2658,31449
1,3188,137551
1,8145,128860
1,8512,202309
1,8804,260732
1,3557,211379
1,3695,238869
1,9180,335839
1,9713,442594
1,9786,457085
1,9537,407315
1,9541,408170
1,4735,446869
1,4812,462280
1,4879,475741
1,5444,88795
1,5037,7228
1,5446,89186
1,7778,55461
1,5552,110274
1,8655,230877
1,8750,249855
1,9115,322985
1,9039,307631
1,9039,307764
1,9268,353525
1,14323,364505
1,14323,364581
1,14466,393115
1,14426,385066
1,14489,397769
1,15099,19765
1,14765,452871
1,14531,406026
1,14531,406058
1,14531,406124
1,14569,413657
1,14590,417803
1,14818,463549
1,14933,486487
1,3485,196820
1,2595,18808
1,2595,18918
1,3919,283756
1,3653,230423
1,3677,235382
1,3814,262735
1,3818,263464
1,2280,455913
1,2298,459531
1,2373,474426
1,141,28131
1,187,37345
1,161,32113
1,2034,406708
1,1809,361626
1,1636,327074
1,1530,305860
1,1613,322428
1,1688,337587
1,2131,426138
1,758,151579
1,7276,455009
1,1641,328133
1,1589,317744
1,1598,319509
1,1977,395350
1,2106,421104
1,2361,472033
1,2317,463289
1,2425,484974
1,2830,65998
1,2846,69182
1,3853,270525
1,4358,371538
1,2305,460936
1,2429,485620
1,2500,499891
1,2645,28864
1,2969,93685
1,3129,125648
1,8999,299700
1,3319,163609
1,3319,163679
1,3322,164256
1,3338,167566
1,3339,167762
1,3346,169163
1,3359,171693
1,3363,172549
1,3363,172586
1,5742,148332
1,5742,148334
1,3887,277257
1,4837,467284
1,4839,467779
1,6485,296961
1,7292,458278
1,9748,449407
1,9687,437225
1,9564,412733
1,9215,342863
1,9236,347046
1,9348,369422
1,9581,416123
1,7657,31280
1,7976,95030
1,7976,95186
1,16268,253552
1,16307,261225
1,15559,111606
1,15559,111648
1,15605,120976
1,15587,117279
1,15641,128070
1,15745,148844
1,15745,148925
1,15762,152251
1,3290,157932
1,5058,11581
1,5416,83042
1,3787,257285
1,3768,253426
1,4507,401243
1,4860,471986
1,4259,351730
1,9787,457282
1,9805,460806
1,5571,114086
1,4256,351151
1,4555,410831
1,4193,338404
1,4890,477866
1,5019,3636
1,5022,4275
1,5121,24195
1,15705,140817
1,16005,200832
1,4723,444430
1,4826,465078
1,5493,98517
1,8209,141727
1,5871,174153
1,5874,174612
1,5896,179066
1,6652,330258
1,7227,445219
1,8910,281844
1,15348,69486
1,15375,74834
1,15385,76840
1,15333,66553
1,15442,88342
1,15462,92232
1,9437,387379
1,14821,464013
1,15578,115467
1,15582,116247
1,15582,116333
1,16498,299546
1,82,16352
1,8286,157070
1,15060,11977
1,9697,439303
1,9720,443806
1,383,76430
1,387,77337
1,5741,148172
1,5764,152780
1,952,190319
1,16535,306960
1,1497,299250
1,2213,442513
1,5960,191879
1,5960,191906
1,5926,185110
1,14459,391662
1,9337,367304
1,9337,367343
1,9337,367365
1,9338,367564
1,14887,477398
1,14898,479582
1,15051,10188
1,15067,13268
1,15056,11023
1,15059,11669
1,15405,80999
1,15258,51498
1,15271,54178
1,15280,55874
1,15354,70624
1,15394,78678
1,15424,84732
1,15387,77363
1,15425,84963
1,15390,77838
1,15560,111906
1,15522,104302
1,15493,98451
1,15493,98580
1,15496,99163
1,16004,200636
1,16004,200695
1,16010,201982
1,16069,213679
1,16149,229632
1,16173,234540
1,16551,310131
1,16594,318618
1,16607,321389
1,305,60973
1,3253,150465
1,5432,86232
1,5432,86274
1,5432,86372
1,714,142610
1,861,172003
1,865,172880
1,1018,203515
1,9164,332779
1,2877,75320
1,2562,12383
1,3257,151336
1,5031,6053
1,5633,126428
1,5732,146299
1,5638,127520
1,5539,107738
1,1733,346439
1,3790,257957
1,3996,299063
1,4828,465521
1,6019,203771
1,6021,204108
1,5039,7689
1,5478,95598
1,7820,63803
1,7826,65018
1,8616,223141
1,9307,361384
1,9709,441780
1,9371,374160
1,14713,442443
1,14708,441479
1,14750,449833
1,14941,488005
1,14941,488106
1,14930,485916
1,14984,496643
1,14986,497123
1,14978,495468
1,15238,47519
1,15018,3594
1,7117,423285
1,7119,423611
1,7134,426683
1,7449,489601
1,7545,8959
1,8462,192291
1,8462,192302
1,8630,225840
1,8636,227100
1,8992,298204
1,8813,262428
1,7162,432337
1,7169,433734
1,7169,433769
1,7170,433995
1,7179,435610
1,7179,435744
1,7200,440000
1,7224,444775
1,7409,481679
1,8443,188459
1,8014,102729
1,8214,142680
1,8272,154341
1,10009,1748
1,10127,25332
1,10239,47789
1,10030,5935
1,10106,21045
1,10086,17108
1,10094,18639
1,10267,53305
1,10240,47808
1,10527,105238
1,10272,54251
1,10386,77029
1,10284,56638
1,10752,150269
1,10200,39817
1,10220,43914
1,10556,111200
1,10344,68722
1,10419,83670
1,10472,94226
1,10472,94270
1,10584,116687
1,10634,126730
1,10647,129296
1,11146,229070
1,11146,229133
1,13935,286890
1,13955,290819
1,13961,292048
1,148,29593
1,3155,130807
1,594,118793
1,1894,378795
1,1774,354710
1,1835,366979
1,1411,282020
1,1411,282187
1,1843,368478
1,2059,411634
1,2262,452389
1,2294,458709
1,2294,458712
1,2431,486074
1,4991,498200
1,2768,53597
1,3003,100449
1,2359,471631
1,3749,249724
1,4033,306403
1,14879,475641
1,15646,129107
1,15679,135763
1,15763,152471
1,15779,155670
1,15865,172808
1,8690,237972
1,8691,238065
1,8691,238082
1,8692,238366
1,8698,239504
1,8699,239768
1,14308,361482
1,15072,14391
1,15411,82008
1,9174,334623
1,9385,376898
1,9200,339849
1,9538,407528
1,15658,131470
1,14715,442883
1,14715,442903
1,14714,442603
1,14694,438743
1,14757,451282
1,14828,465586
1,14915,482930
1,14894,478784
1,14945,488879
1,14914,482709
1,14956,491032
1,14998,499564
1,15046,9077
1,2160,431855
1,2218,443509
1,2239,447630
1,2502,288
1,2502,367
1,2520,3847
1,5124,24694
1,2594,18704
1,3425,184931
1,3425,184990
1,3926,285045
1,3519,203610
1,2568,13432
1,2933,86581
1,8285,156820
1,7693,38578
1,7890,77928
1,6030,205969
1,5886,177093
1,7326,465047
1,9350,369865
1,9350,369896
1,9404,380798
1,9633,426475
1,7685,36864
1,7975,94890
1,8088,117478
1,9734,446749
1,9848,469506
1,14268,353409
1,14447,389205
1,14453,390565
1,14320,363851
1,14320,363882
1,14320,363944
1,14378,375431
1,15026,5020
1,14564,412637
1,14585,416862
1,14585,416931
1,14606,421075
1,14598,419558
1,14642,428300
1,14790,457999
1,14730,445829
1,14753,450451
1,14753,450591
1,14950,489893
1,14836,467093
1,14421,384095
1,14229,345776
1,14181,336149
1,14193,338402
1,14217,343377
1,14499,399738
1,14436,387156
1,14210,341818
1,14242,348228
1,14479,395775
1,14487,397303
1,14255,350936
1,14492,398228
1,14493,398410
1,14493,398429
1,14493,398487
1,14525,404978
1,14529,405674
1,14542,408244
1,14611,422124
1,14631,426052
1,14903,480582
1,14660,431813
1,14650,429969
1,14779,455609
1,14779,455651
1,15432,86338
1,15440,87857
1,15502,100202
1,15502,100333
1,15631,126159
1,15653,130428
1,15862,172364
1,15887,177283
1,15975,194806
1,16287,257248
1,8722,244394
1,8428,185460
1,8428,185522
1,7574,14755
1,7599,19671
1,7802,60251
1,7245,448805
1,7245,448808
1,9119,323766
1,3978,295547
1,3978,295568
1,3968,293544
1,3973,294465
1,3982,296230
1,4085,316876
1,4085,316938
1,4338,367460
1,4339,367649
1,4439,387668
1,4439,387775
1,5004,627
1,5026,5191
1,5112,22333
1,5114,22605
1,5146,29056
1,5162,32305
1,5161,32060
1,5164,32625
1,5168,33460
1,5166,33015
1,5185,36824
1,5196,39115
1,5196,39193
1,5190,37944
1,5235,46812
1,5235,46919
1,5214,42601
1,6287,257344
1,6296,259082
1,12456,491019
1,12647,29231
1,12777,55303
1,12809,61609
1,12818,63515
1,13484,196639
1,13618,223503
1,13667,233376
1,13124,124618
1,13205,140933
1,13579,215784
1,13475,194830
1,13650,229898
1,13730,245807
1,13706,241063
1,14041,308006
1,13399,179797
1,13533,206511
1,13543,208481
1,13543,208537
1,13644,228705
1,13775,254928
1,13777,255212
1,13847,269313
1,14048,309538
1,14244,348625
1,7658,31456
1,1206,241189
1,1279,255712
1,1280,255919
1,715,142993
1,723,144600
1,728,145526
1,739,147660
1,752,150254
1,765,152921
1,4404,380664
1,1214,242706
1,2333,466482
1,2333,466566
1,2535,6881
1,3418,183493
1,8022,104300
1,13127,125308
1,13338,167461
1,13356,171166
1,9281,356155
1,9242,348357
1,11286,257086
1,11365,272966
1,11368,273485
1,11366,273159
1,11415,282833
1,11415,282934
1,11480,295875
1,11484,296753
1,11821,364113
1,11919,383619
1,12307,461222
1,12007,401297
1,12116,423074
1,12664,32601
1,12664,32800
1,12710,41933
1,12752,50203
1,12772,54366
1,12764,52616
1,12754,50752
1,12766,53048
1,13290,157913
1,12795,58917
1,12794,58667
1,16786,357078
1,16833,366528
1,16848,369484
1,16992,398313
1,17103,420583
1,17159,431750
1,17194,438791
1,17190,437977
1,44,8737
1,23,4427
1,233,46511
1,244,48639
1,244,48784
1,107,21265
1,126,25071
1,118,23420
1,118,23465
1,142,28214
1,218,43455
1,199,39691
1,814,162731
1,509,101614
1,516,103110
1,813,162427
1,606,121011
1,614,122697
1,1204,240734
1,5585,116854
1,143,28542
1,286,57078
1,495,98965
1,364,72739
1,470,93975
1,5379,75619
1,5379,75789
1,3267,153209
1,3759,251676
1,3784,256648
1,672,134278
1,320,63833
1,320,63927
1,531,106198
1,583,116521
1,583,116588
1,576,115169
1,795,158830
1,795,158933
1,796,159078
1,545,108865
1,568,113531
1,930,185853
1,930,185953
1,959,191684
1,6005,200970
1,350,69875
1,489,97746
1,6689,337784
1,6704,340632
1,6704,340654
1,6706,341158
1,6713,342481
1,9289,357605
1,9289,357674
1,9151,330018
1,669,133781
1,691,138172
1,2417,483398
1,1787,357394
1,1452,290337
1,1585,316817
1,1615,322852
1,1615,322974
1,1314,262798
1,1348,269594
1,1483,296462
1,1451,290116
1,1480,295997
1,1489,297608
1,867,173326
1,5574,114685
1,5913,182462
1,4361,372102
1,4875,474905
1,4712,442261
1,4426,385102
1,4504,400664
1,4376,375194
1,4376,375185
1,4460,391957
1,4467,393251
1,4513,402454
1,4647,429338
1,4947,489347
1,4940,487810
1,4750,449915
1,4750,449975
1,5479,95780
1,5854,170697
1,5854,170741
1,13493,198506
1,13571,214154
1,13587,217319
1,13630,225982
1,13673,234432
1,13673,234442
1,13654,230777
1,13962,292375
1,13747,249223
1,13747,249243
1,13766,253013
1,13900,279967
1,13919,283653
1,13921,284095
1,13921,284124
1,14024,304758
1,14037,307332
1,14047,309354
1,16818,363470
1,16951,390039
1,16870,373994
1,16947,389329
1,17025,404953
1,17321,464049
1,17274,454666
1,17343,468415
1,17471,494002
1,17476,495127
1,17482,496352
1,17085,416877
1,17189,437721
1,17092,418253
1,17104,420675
1,17117,423213
1,17137,427231
1,17157,431215
1,17141,428184
1,17153,430503
1,17162,432291
1,17221,444146
1,17336,467013
