#run,lumi,evt
275310,1847,2836553962
273450,612,832386009
274968,439,798335764
275376,49,88247561
275375,665,1137639005
275370,268,369567994
275125,605,1108245376
274241,96,175826277
274200,524,844639748
275913,213,423553965
276808,104,210862483
276653,224,306834298
276586,187,329813543
276581,148,170254267
276776,721,1242242992
276655,631,1123631081
277305,109,85187879
276831,1761,3192220381
276870,310,463059845
277148,355,521954072
277148,479,764039086
277148,553,909592019
276831,1285,2327369151
277148,231,300942964
276831,1691,3058890649
276935,158,161886979
277073,79,127674957
278509,607,935993771
278315,362,551489432
278366,413,823349947
278018,6,11089785
278167,114,68733856
278239,685,1199610984
278167,920,1667384089
278770,354,687843286
279694,1804,3252122563
280188,49,84977927
278962,141,146892381
280330,73,139475883
280249,700,1308508576
280385,748,1401330783
278820,874,1605818010
278969,472,743625181
281976,659,1160991056
282037,836,1492926926
282734,44,94310601
282807,30,53334942
282842,8,15389778
283283,1563,2720309179
283308,105,190304395
283865,556,966866985
283877,56,94273245
283934,817,1387745526
283946,1173,1946028694
284035,233,392700125
275344,189,241290974
274241,522,883261954
275345,17,35713863
274969,401,735972988
275001,189,286346047
275125,888,1607481611
274244,218,298980354
274315,239,513262209
274442,110,202447887
274387,377,653862091
274441,409,688729251
274422,102,175773614
273730,2118,2446209398
275376,330,577974879
275834,270,506735555
276282,736,1289808168
275890,43,84735582
276242,105,200512074
276242,1215,2293922155
276242,184,349281663
276242,1507,2828758156
276454,30,45132083
276527,8,10211541
276525,672,1080158718
276384,374,565130544
276582,674,1212653064
276318,61,106256068
276811,2027,3312363119
276315,62,60221787
276655,975,1701236411
276808,447,844257233
277420,252,336322790
277168,766,1432289702
277148,696,1176607605
276950,770,1417879179
277096,1489,2588304972
276950,441,842528432
277305,690,1153595718
277096,908,1628612394
277094,34,52669551
277305,119,102401208
277096,1594,2772405428
278308,248,355008378
278509,159,146320397
278406,443,678020316
278308,521,895945147
278801,78,73228824
278289,33,55443740
278808,1572,2785734019
278820,1141,2109690227
278820,388,693173527
278822,592,1038941678
279716,969,1750254337
279658,126,191904520
279766,737,1364784810
280249,367,688121940
279931,2038,3473236407
278875,218,407713203
279823,99,71359176
279794,963,1653715136
278969,1019,1739830988
279685,194,363842796
278820,829,1522787241
279931,813,1364725714
279931,821,1381327501
279931,659,1079752023
279931,508,790625810
280017,339,605028609
280385,826,1552516875
279116,127,211415500
279841,368,577458761
279931,339,489105886
279975,691,1141005547
278923,456,763492933
279071,192,218626107
280364,830,1491811474
281693,1149,2184641825
282733,5,7993578
282800,136,238479114
282814,1752,3251449032
283270,728,1158817614
283283,1361,2424910542
283359,321,469507287
283408,1956,3355497532
283876,110,101451198
284035,197,331267851
284035,297,501711007
281797,300,317631994
281797,1367,2300718695
281797,1535,2607662264
281976,1053,1854092215
274241,525,888942084
274422,489,852230017
274094,247,212004381
274338,443,789488138
274388,1390,2496782138
273448,137,199089933
274422,247,425414474
274241,683,1140634287
274200,348,567102299
273725,2000,2867611383
274241,790,1304352245
274339,13,19519065
275310,1255,2057238214
275376,1493,2319970771
275125,807,1451874063
275068,709,1310756279
274971,872,1264890967
275375,670,1146647967
274968,626,1179287876
275376,1396,2190756314
275376,772,1288793200
275067,252,459841443
275376,1217,1941954739
275375,1123,1921509492
274251,121,190605815
274319,178,249226801
274250,138,276227686
274999,282,498546937
275291,232,392727520
275074,441,700771499
275001,768,1097271662
275001,948,1331800876
275283,82,173436869
274968,1059,1982912524
275310,1889,2888925739
275310,1336,2171322327
275068,533,1010049359
275068,595,1117855988
275068,811,1478304063
275376,2312,3343855246
275376,2376,3420449891
275001,1766,2346974605
275291,331,572535026
274968,224,380411210
274999,1191,2103139456
274999,43,72843417
275068,358,695650305
275375,1407,2440165090
275311,149,192238574
275311,522,652071116
274969,15,24236768
275068,844,1536939974
275309,211,307417818
273450,385,534458857
274338,225,405652514
274344,283,433979228
275345,14,28138323
275370,194,237865439
275370,236,313817012
275345,195,402635690
275371,142,273937931
274422,602,1060385812
274387,206,289941785
274241,139,253295325
273725,1061,1574751576
273503,322,372391008
274345,24,36993950
274338,312,562009832
274422,553,970259671
274344,443,677285519
274422,1468,2499822719
274388,1345,2419500032
274344,593,919094336
275847,41,55385864
276097,373,719937531
276242,369,690085898
275836,595,1099076452
276283,274,526087436
275913,364,707113369
275890,173,341242802
276242,1643,3092218476
275776,6,10651610
275777,141,278894053
275836,690,1255298071
275782,49,93751902
275836,926,1679439914
275833,179,341331349
275832,246,483062662
275890,592,1131283233
275776,20,40509186
275847,572,748041947
275832,274,539997916
275833,32,61666699
276242,1611,3032122007
276097,448,858052830
275782,235,440186287
275774,302,566375730
275778,184,327180931
275782,758,1359801961
275837,664,1031574197
276244,683,1030152169
276097,90,161790821
276242,1004,1925909208
276655,923,1603102337
276794,725,951052333
276501,617,996248103
276775,1061,1847649443
276501,1451,2438696191
276808,472,888028318
276808,148,295256709
276653,488,759706314
276454,354,562304334
276437,1994,3527548475
276501,1109,1856800882
276807,164,206065925
276582,175,316177640
276437,650,1120105623
276501,434,706417837
276655,153,296310938
276525,2025,3496697929
276528,58,72419464
276501,691,1115117280
276586,187,330505147
276525,1217,2086488728
276437,888,1580027334
276775,1223,2144791205
276495,99,67013828
276542,499,821626119
276543,622,1149656273
276363,444,775602473
276454,100,160834288
276437,1136,2068516939
276543,519,972957760
276543,906,1601450526
276811,354,629966141
276525,482,744590716
276363,1158,2071144966
276384,832,1193019651
276525,974,1658623858
276525,978,1667062455
276655,243,463322382
276808,104,210780508
276808,509,951735168
276525,2123,3663106370
276586,461,812545036
276525,1454,2472640104
276384,141,217105532
276950,1402,2550510066
276950,217,410481297
277168,1390,2552025063
277194,1156,2030638168
276870,2121,3846808064
277070,1042,1965827426
276935,562,869516416
277194,249,334250372
276950,220,418020612
276950,98,169264817
277094,222,382739655
276870,1936,3495562815
277096,1659,2879759097
277073,75,118650752
277194,126,105218793
277127,79,150338091
277127,256,481499533
276870,2583,4648630683
276870,2243,4067564322
276870,2775,4952993105
277070,568,1065850914
277148,499,802914161
277305,611,1010816413
277194,606,989546919
277148,541,886945000
277166,430,689255011
277166,206,243240927
276950,2205,3791832965
277168,1177,2169209792
276950,1069,1949673762
277166,257,349706448
277094,557,982430690
278239,590,1018792378
278240,495,986189875
278167,911,1650684496
278803,131,228397010
278366,46,94938965
278509,1036,1710853218
278167,1756,3177651333
278349,455,816848477
278349,473,848105923
278167,797,1438220174
278308,324,498747649
278167,99,47112332
278167,2152,3809458198
278509,396,557815206
278240,662,1289232723
278315,331,495180269
278167,695,1238919704
278808,620,1157479052
278310,667,884172068
278808,586,1095283705
278406,258,340514439
278770,210,412992771
278345,639,1104962768
278167,1649,3000086614
280194,224,357235203
279766,141,267102044
279116,213,370428701
279116,161,269558570
279716,1283,2231026696
278875,463,824849764
279716,1436,2528754948
278874,4,7431246
280018,332,565010245
278874,304,586544679
280191,17,32299311
280191,283,521030441
279931,215,258492194
279588,102,73290436
278962,103,78526012
279658,72,111645631
279588,996,1740728992
279654,1060,2023040013
280385,1672,3076104917
278969,446,694625553
279588,1098,1939984099
279653,193,242473426
279766,1547,2701334206
278822,191,281790352
280249,1186,2099740535
280015,59,102375352
278975,546,856605137
278969,1412,2457414026
280249,1100,1968913476
278969,1224,2108302869
278975,507,800529175
278969,133,132160405
278975,262,433115354
278969,699,1147055805
279794,788,1326451980
279823,148,166027868
279841,295,444418106
279794,376,568310857
279667,512,820244862
279931,2405,4147446846
279931,2478,4269662651
279667,789,1339527390
279841,220,306433116
279823,200,261620500
279794,600,974569632
279841,910,1538530941
279667,773,1311170482
280363,186,298523258
280330,749,1431700104
280330,15,29232413
279667,575,932309391
279823,293,424054599
279658,485,870029951
279841,1419,2484581162
279823,212,281622599
279966,194,239945053
279931,593,955905039
279716,353,656488876
279694,1999,3586290004
279694,550,1001151583
279115,365,550412899
279694,682,1251628868
279694,1160,2153811716
281693,1315,2471708994
281693,2054,3731940224
282735,588,1174434167
282735,1434,2669770417
282735,253,510488497
282800,156,278986599
282814,528,1030530787
282922,41,70188790
282922,67,121763865
283052,18,29345453
283270,655,1018480224
283270,900,1457827072
283270,288,403532762
283270,769,1235036659
283283,1141,2095980711
283283,338,696678847
283306,254,455751438
283306,70,130606349
281693,2050,3724792553
281693,2071,3763623746
281707,359,453533303
281707,982,1611501069
283359,122,185112442
283359,152,229373123
283408,461,758138341
283408,1426,2479126564
283408,1176,2016106544
283408,1757,3051016838
283408,1147,1963360650
283408,947,1599503560
283408,1157,1982863137
283408,2366,4030443373
283453,173,199358781
283453,312,440769816
283453,471,692919272
283453,475,697795401
283453,366,528603737
283478,395,550712962
283682,141,257252326
283685,302,288892648
283820,1485,2614611064
283820,87,129617865
283820,521,916306195
283830,567,1018706790
283865,61,102771314
283865,747,1310280793
281707,767,1202471437
281727,802,1345492161
281727,1174,1987056340
281727,1333,2240748330
281727,19,32474960
283877,236,431309302
283877,683,1289567662
283885,612,1122145415
283885,195,347987886
283885,1322,2311268289
283885,1458,2504319015
283885,98,177994256
283934,919,1585773602
283934,257,411540508
283934,432,710434273
283946,481,677798332
283946,419,565974034
283946,1086,1780512593
283946,1315,2216764844
284014,25,42712293
284014,204,355666594
281797,1926,3231627653
281797,735,1107120391
281797,531,728250285
282033,114,61709763
282037,1248,2206992868
282037,120,238671645
282092,905,1420595376
282092,1023,1636382984
284036,77,135740108
284036,188,325210367
284037,309,577842541
284037,152,289077535
284038,6,10579513
284042,115,185432875
275338,108,185267798
274968,540,1008257617
274315,327,694667179
275371,331,652855925
275913,112,232518979
276282,548,933637287
275782,384,710367039
276243,279,502351179
277070,581,1090015527
277072,288,494848480
277127,87,166118129
278770,754,1456071358
279694,1459,2697883713
280191,377,697569682
282037,1432,2479095679
281707,961,1571197568
283884,541,594864205
283946,836,1307899913
275345,335,673461805
274335,630,1191177829
274388,1350,2428039955
276242,881,1692668822
276363,625,1115049101
276437,1223,2232205074
277168,90,160786300
276935,591,915387623
278808,1096,1922706978
279716,999,1798691563
283270,1019,1677482952
283306,264,471036681
283877,1041,1887493221
283934,12,19475103
