#run,lumi,evt
1,272,54397
1,2571,14077
1,2735,46973
1,2555,10956
1,2739,47656
1,2743,48479
1,3229,145606
1,3281,156052
1,3224,144661
1,2449,489792
1,1823,364438
1,1823,364452
1,4095,318834
1,3611,222115
1,3546,209152
1,3592,218332
1,3783,256578
1,5399,79699
1,8746,249143
1,6383,276552
1,9394,378673
1,9304,360769
1,9396,379117
1,9392,378398
1,9651,430195
1,9887,477201
1,9955,490930
1,9896,479159
1,6566,313190
1,16881,376185
1,16892,378394
1,16816,363098
1,16846,369157
1,16847,369378
1,16893,378505
1,16880,375908
1,16921,384007
1,16943,388404
1,16997,399289
1,16922,384217
1,17031,406166
1,16996,399071
1,17255,450927
1,17258,451427
1,17260,451877
1,17244,448609
1,17244,448641
1,17297,459297
1,17360,471863
1,17304,460646
1,17326,465082
1,17349,469769
1,17370,473964
1,17367,473260
1,17353,470421
1,17359,471668
1,17369,473763
1,17423,484548
1,17496,499164
1,494,98668
1,494,98773
1,396,79192
1,444,88651
1,3461,192132
1,608,121539
1,5151,30005
1,5151,30111
1,3534,206658
1,3717,243377
1,3722,244390
1,3771,254107
1,3826,265169
1,4046,309099
1,4653,430582
1,4051,310049
1,4051,310068
1,4763,452544
1,4763,452582
1,7248,449426
1,7248,449588
1,5666,133108
1,5666,133170
1,4481,396059
1,4481,396150
1,4402,380221
1,4407,381266
1,4928,485525
1,4928,485537
1,6407,281365
1,6257,251260
1,6070,213932
1,5318,63441
1,5207,41397
1,5210,41860
1,5806,161137
1,5812,162236
1,5812,162257
1,5857,171208
1,5857,171248
1,9353,370561
1,4568,413429
1,4963,492450
1,4971,494147
1,4967,493387
1,6197,239372
1,5095,18836
1,5152,30259
1,5156,31005
1,5494,98739
1,7380,475981
1,8374,174771
1,8488,197468
1,7592,18343
1,7796,59049
1,7916,83090
1,8270,153819
1,8314,162734
1,8314,162765
1,9051,310109
1,9823,464420
1,9156,331159
1,8894,278792
1,10881,176075
1,10881,176096
1,9408,381492
1,9484,396707
1,9618,423560
1,11868,373450
1,9480,395997
1,9732,446201
1,10212,42345
1,10263,52467
1,10164,32654
1,10179,35786
1,12196,439073
1,12445,488860
1,13693,238552
1,13721,244148
1,13737,247358
1,13810,261998
1,13860,271908
1,14110,321829
1,14123,324407
1,5466,93104
1,5466,93180
1,5629,125782
1,5723,144597
1,5647,129358
1,5726,145111
1,5728,145545
1,5955,190858
1,5955,190930
1,5964,192692
1,5964,192781
1,6288,257544
1,6185,236929
1,6191,238184
1,6203,240421
1,6199,239685
1,6200,239827
1,6343,268512
1,10102,20322
1,10117,23250
1,10117,23391
1,10154,30685
1,10288,57538
1,10115,22923
1,10440,87808
1,10302,60375
1,10244,48781
1,10345,68849
1,10262,52327
1,10393,78413
1,10485,96835
1,10428,85525
1,10750,149924
1,10439,87649
1,10476,95122
1,10479,95710
1,10160,31915
1,10183,36524
1,10183,36583
1,10387,77223
1,10347,69293
1,10366,73009
1,10465,92826
1,10646,129166
1,10506,101060
1,10528,105470
1,10528,105561
1,10604,120757
1,10604,120766
1,10629,125651
1,10219,43761
1,10967,193276
1,10276,55015
1,10340,67955
1,10304,60733
1,10322,64262
1,10300,59873
1,10447,89361
1,10429,85744
1,10462,92275
1,10751,150154
1,10159,31744
1,10445,88927
1,10697,139290
1,10906,181158
1,10992,198269
1,11029,205790
1,11381,276066
1,11311,262146
1,11272,254270
1,11251,250132
1,11279,255759
1,11275,254809
1,11284,256651
1,11403,280471
1,11421,284132
1,11818,363467
1,3105,120819
1,4880,475862
1,4883,476428
1,16811,362174
1,9393,378444
1,9403,380427
1,9644,428623
1,9737,447226
1,9889,477606
1,9969,493688
1,9979,495621
1,17131,426130
1,11791,358187
1,11909,381778
1,11947,389379
1,11986,397166
1,12006,401165
1,12001,400103
1,12051,410022
1,12059,411772
1,12081,416088
1,12084,416737
1,12798,59432
1,12903,80457
1,12827,65251
1,12866,73124
1,12817,63228
1,12851,70118
1,12821,64156
1,12914,82629
1,12892,78368
1,12894,78790
1,13394,178722
1,13396,179130
1,13388,177580
1,13406,181177
1,13439,187702
1,13439,187791
1,13538,207518
1,13569,213677
1,13664,232766
1,13703,240589
1,13888,277547
1,13923,284467
1,14122,324302
1,14122,324388
1,14122,324397
1,14131,326109
1,14136,327024
1,16695,338889
1,17479,495657
1,17491,498098
1,4926,485117
1,4936,487074
1,7990,97988
1,5532,106361
1,5831,166158
1,5852,170274
1,9277,355331
1,9374,374637
1,9397,379249
1,9435,386983
1,9435,386992
1,9433,386543
1,9700,439805
1,9773,454535
1,9788,457435
1,9924,484678
1,9924,484691
1,9924,484731
1,9924,484773
1,12564,12720
1,12982,96309
1,12982,96372
1,12740,47917
1,12759,51729
1,12932,86236
1,13010,101887
1,13018,103461
1,13018,103547
1,13045,108903
1,13052,110298
1,12209,441793
1,12356,471164
1,16903,380526
1,16962,392355
1,16796,359058
1,16796,359170
1,16805,360857
1,16807,361243
1,16822,364223
1,17140,427841
1,17032,406391
1,17076,415015
1,17198,439590
1,17252,450394
1,17230,445821
1,17289,457766
1,17021,404181
1,17051,410099
1,17185,436879
1,17028,405563
1,17058,411581
1,17095,418898
1,17095,418978
1,17121,424149
1,17284,456776
1,17129,425800
1,17138,427599
1,17200,439886
1,17239,447764
1,17275,454975
1,29,5705
1,176,35152
1,92,18289
1,132,26289
1,480,95930
1,167,33345
1,181,36144
1,239,47706
1,2842,68255
1,3180,135842
1,3473,194501
1,3199,139746
1,3199,139791
1,4160,331905
1,3627,225267
1,3923,284412
1,2460,491823
1,2461,492049
1,2548,9472
1,2565,12879
1,2563,12513
1,3103,120409
1,2572,14375
1,2749,49660
1,2793,58434
1,3137,127349
1,3138,127427
1,3138,127434
1,3703,240549
1,3609,221710
1,3766,253123
1,3796,259093
1,4136,327197
1,3772,254388
1,3712,242213
1,4131,326036
1,4131,326084
1,13871,274084
1,13903,280515
1,13944,288766
1,13994,298793
1,14000,299840
1,14100,319876
1,14134,326712
1,14090,317867
1,14106,321156
1,14169,333706
1,14185,336948
1,14240,347925
1,16249,249776
1,16254,250691
1,16443,288562
1,16472,294220
1,16544,308605
1,16543,308432
1,16543,308466
1,16933,386578
1,16742,348387
1,16748,349459
1,16748,349474
1,16748,349520
1,16738,347466
1,16738,347524
1,16751,350152
1,16993,398418
1,17002,400338
1,17132,426312
1,7754,50683
1,14058,311438
1,15135,26824
1,9576,415043
1,16001,200010
1,16195,238998
1,16314,262682
1,15752,150285
1,17272,454386
1,16914,382626
1,16936,387127
1,12691,38171
1,12803,60555
1,13209,141605
1,9246,349008
1,9459,391626
1,9459,391671
1,11683,336594
1,11823,364464
1,11796,359140
1,11842,368255
1,11865,372805
1,11884,376712
1,11890,377855
1,11912,382316
1,11970,393889
1,11966,393106
1,11966,393177
1,12407,481384
1,12236,447163
1,11046,209041
1,11231,246045
1,11387,277352
1,11261,252120
1,11490,297985
1,11382,276259
1,11401,280121
1,11477,295295
1,11498,299510
1,11502,300239
1,11582,316286
1,11585,316957
1,11837,367309
1,11716,343022
1,11896,379175
1,12100,419942
1,12311,462105
1,12889,77652
1,12889,77653
1,12889,77708
1,12003,400512
1,12181,436014
1,12181,436083
1,12238,447503
1,12398,479568
1,12501,42
1,13457,191390
1,13101,120002
1,13351,170012
1,11994,398728
1,11944,388652
1,11944,388749
1,11967,393350
1,11990,397872
1,12013,402497
1,12145,428903
1,12128,425551
1,12164,432793
1,12187,437298
1,12225,444820
1,13220,143938
1,12394,478622
1,12303,460432
1,12335,466809
1,12385,476891
1,12390,477976
1,12448,489459
1,12448,489586
1,12437,487217
1,12458,491523
1,12591,18122
1,12509,1704
1,5397,79257
1,5761,152198
1,5762,152251
1,5762,152318
1,5768,153451
1,5782,156221
1,5782,156320
1,5809,161687
1,5949,189765
1,5969,193756
1,6153,230557
1,7024,404651
1,7037,407258
1,7086,417029
1,7082,416244
1,7099,419737
1,8532,206395
1,8634,226780
1,8821,264074
1,8663,232514
1,8843,268595
1,8817,263320
1,8852,270329
1,9258,351509
1,9087,317291
1,9071,314099
1,9069,313613
1,9069,313726
1,10041,8003
1,10050,9881
1,10056,11145
1,10132,26361
1,10142,28222
1,9092,318254
1,9141,328167
1,10700,139938
1,10860,171978
1,10994,198739
1,11192,238216
1,11436,287043
1,11182,236396
1,11419,283679
1,11518,303407
1,11602,320284
1,11686,337156
1,11910,381845
1,11875,374824
1,11880,375902
1,10966,193017
1,10801,160198
1,10821,164111
1,10786,157066
1,10816,163133
1,10831,166014
1,10879,175697
1,10858,171541
1,10935,186810
1,10901,180136
1,10902,180351
1,11036,207137
1,11032,206364
1,4088,317553
1,4088,317555
1,4179,335692
1,4489,397690
1,4165,332858
1,4765,452825
1,6043,208428
1,6255,250869
1,5272,54373
1,8048,109419
1,8065,112855
1,8895,278941
1,9395,378857
1,9410,381916
1,9668,433458
1,9867,473211
1,5826,165200
1,7069,413623
1,7069,413759
1,4955,490822
1,9963,492488
1,9981,496125
1,16294,258631
1,16562,312234
1,16618,323586
1,16636,327091
1,16611,322020
1,16725,344824
1,16729,345746
1,16703,340473
1,5679,135704
1,8670,233867
1,7988,97537
1,7989,97776
1,12945,88907
1,12949,89701
1,12960,91989
1,13547,209307
1,13427,185357
1,12253,450528
1,12243,448559
1,12292,458251
1,12286,457090
1,12282,456337
1,12300,459864
1,12355,470960
1,12396,479041
1,12396,479110
1,12464,492739
1,12350,469834
1,12413,482585
1,12611,22040
1,12611,22045
1,13090,117985
1,13460,191811
1,12661,32103
1,12441,488177
1,12690,37891
1,12956,91036
1,16050,209859
1,16970,393846
1,16030,205839
1,16361,272082
1,16702,340212
1,16736,347039
1,16736,347154
1,17340,467866
1,17381,476023
1,17414,482754
1,17440,487929
1,16526,305038
1,16495,298897
1,16585,316812
1,16621,324189
1,16641,328003
1,16670,333846
1,16677,335336
1,16685,336950
1,16720,343867
1,264,52760
1,16,3079
1,238,47563
1,86,17078
1,86,17081
1,37,7206
1,95,18965
1,265,52990
1,129,25738
1,8239,147741
1,9300,359906
1,4105,320801
1,3876,275091
1,4776,455115
1,2867,73347
1,7768,53579
1,7763,52486
1,13198,139458
1,13198,139545
1,13198,139596
1,13270,153987
1,13285,156998
1,13353,170561
1,13410,181955
1,9950,489980
1,9978,495451
1,15903,180445
1,17024,404792
1,16389,277673
1,6549,309694
1,10744,148682
1,10767,153286
1,10857,171326
1,10978,195464
1,13148,129428
1,11428,285525
1,11012,202291
1,11153,230530
1,11210,241920
1,11527,305350
1,11714,342791
1,8028,105578
1,8307,161291
1,11612,322203
1,11779,355626
1,11779,355716
1,11779,355756
1,11855,370983
1,11628,325562
1,11898,379486
1,11695,338976
1,11731,346018
1,11902,380291
1,10593,118505
1,10351,70023
1,10436,87178
1,10326,65005
1,10431,86043
1,10501,100012
1,10399,79742
1,10682,136212
1,10481,96154
1,10487,97383
1,10856,171138
1,10760,151843
1,10721,144091
1,10727,145211
1,11670,333956
1,12359,471684
1,12583,16589
1,12513,2433
1,12561,12171
1,12536,7035
1,12568,13581
1,12585,16912
1,12605,20913
1,13023,104454
1,12776,55099
1,12904,80653
1,839,167783
1,1087,217360
1,1499,299609
1,1312,262214
1,1324,264685
1,1115,222835
1,1777,355393
1,1127,225334
1,1262,252306
1,2427,485293
1,3932,286347
1,3932,286379
1,6161,232147
1,6327,265205
1,6327,265369
1,6338,267560
1,6412,282239
1,6455,290915
1,6422,284376
1,6434,286612
1,6436,287146
1,6436,287172
1,5952,190208
1,5979,195731
1,5976,195127
1,5706,141145
1,5750,149945
1,5739,147645
1,5746,149081
1,5950,189832
1,6155,230943
1,6175,234957
1,6156,231048
1,6165,232917
1,6355,270851
1,6460,291832
1,6591,318019
1,6553,310467
1,6553,310560
1,6618,323501
1,6671,334136
1,6818,363477
1,9017,303228
1,7395,478979
1,7424,484612
1,7448,489423
1,7487,497301
1,7487,497307
1,7742,48285
1,7937,87367
1,8002,100357
1,8928,285452
1,8733,246494
1,9829,465752
1,6606,321031
1,6806,361194
1,6744,348606
1,6816,363170
1,6826,365163
1,6826,365158
1,6831,366128
1,6943,388514
1,7021,404011
1,6956,391056
1,6957,391309
1,6873,374424
1,6874,374629
1,6896,379061
1,6932,386218
1,6923,384490
1,6930,385894
1,6935,386944
1,6940,387863
1,7093,418440
1,8902,280209
1,9073,314557
1,9090,317864
1,9129,325601
1,9129,325780
1,5404,80624
1,5436,87094
1,651,130181
1,570,113938
1,806,161020
1,806,161142
1,581,116127
1,798,159403
1,805,160972
1,656,131035
1,849,169668
1,849,169667
1,963,192480
1,2053,410405
1,1391,278055
1,668,133574
1,2566,13069
1,10898,179441
1,10915,182937
1,10915,182973
1,10955,190994
1,10965,192930
1,12683,36435
1,13026,105175
1,13386,177131
1,11090,217914
1,11413,282545
1,11044,208639
1,11141,228046
1,2226,445041
1,1864,372612
1,1753,350442
1,1919,383679
1,1919,383777
1,1919,383797
1,1922,384293
1,2183,436429
1,2183,436430
1,2191,438058
1,8825,264869
1,8344,168759
1,2681,36195
1,5441,88134
1,3571,214142
1,4077,315398
1,5510,101988
1,1877,375335
1,1844,368766
1,2037,407302
1,2908,81521
1,8529,205650
1,3933,286567
1,4737,447307
1,7359,471710
1,7236,447070
1,7121,424124
1,8828,265523
1,4674,434737
1,6304,260701
1,6688,337548
1,6703,340570
1,6724,344618
1,6722,344215
1,6867,373320
1,5252,50285
1,5258,51453
1,5261,52185
1,5314,62722
1,5316,63109
1,5329,65620
1,5363,72579
1,5461,92116
1,8246,149110
1,5551,110188
1,5627,125301
1,5650,129837
1,5634,126746
1,6438,287560
1,6453,290540
1,6444,288786
1,6445,288909
1,6448,289571
1,6461,292077
1,6463,292597
1,6558,311561
1,6565,312902
1,6560,311972
1,6563,312555
1,6569,313794
1,6580,315826
1,6599,319698
1,6601,320078
1,6601,320086
1,6596,319033
1,6602,320222
1,6603,320538
1,7138,427597
1,7139,427658
1,7153,430587
1,7151,430089
1,7164,432793
1,7215,442990
1,7171,434054
1,7177,435221
1,7177,435324
1,7177,435388
1,7173,434477
1,7191,438180
1,7193,438477
1,7196,439131
1,7206,441089
1,7205,440865
1,7207,441273
1,7207,441308
1,7229,445749
1,7229,445785
1,7455,490872
1,7472,494344
1,7450,489894
1,7470,493977
1,7474,494601
1,7510,1978
1,7731,46090
1,7738,47543
1,7914,82755
1,7926,85012
1,7926,85196
1,8077,115368
1,8233,146540
1,8471,194164
1,8478,195524
1,8325,164805
1,8326,165118
1,8330,165943
1,8334,166707
1,8648,229488
1,8665,232962
1,8618,223577
1,8631,226027
1,8631,226056
1,8631,226161
1,10454,90653
1,10454,90759
1,10040,7812
1,10062,12215
1,10046,9006
1,10338,67515
1,10279,55696
1,10521,104015
1,10444,88760
1,10678,135551
1,10061,12039
1,10199,39680
1,10224,44781
1,10201,40037
1,10762,152231
1,10762,152360
1,10070,13825
1,10140,27931
1,10109,21742
1,10104,20658
1,10104,20666
1,10104,20762
1,10087,17283
1,10184,36729
1,10191,38031
1,10295,58932
1,10325,64808
1,10418,83422
1,10453,90508
1,10541,108107
1,10758,151580
1,10968,193570
1,10941,188122
1,10951,190142
1,11007,201309
1,11092,218258
1,11128,225555
1,11194,238779
1,11168,233465
1,11209,241669
1,11211,242030
1,11487,297229
1,11503,300567
1,11547,309249
1,11547,309275
1,351,70155
1,590,117949
1,616,123168
1,702,140265
1,794,158737
1,799,159627
1,802,160322
1,2084,416688
1,1830,365932
1,2044,408652
1,2396,479188
1,1924,384702
1,1303,260420
1,454,90753
1,3324,164713
1,478,95562
1,8727,245209
1,8727,245266
1,524,104680
1,524,104741
1,950,189868
1,967,193260
1,1028,205594
1,9801,460081
1,1335,266838
1,2433,486525
1,1524,304778
1,1644,328724
1,5589,117759
1,5584,116605
1,7799,59613
1,6402,280294
1,6482,296204
1,6482,296353
1,6539,307668
1,6656,331019
1,6660,331973
1,1390,277974
1,1525,304906
1,2240,447968
1,2128,425518
1,2142,428389
1,2412,482215
1,10129,25674
1,10198,39577
1,10035,6860
1,10225,44899
1,10770,153976
1,2438,487534
1,2470,493975
1,3200,140000
1,2836,67104
1,3014,102748
1,3024,104737
1,3143,128418
1,3417,183380
1,3474,194627
1,3854,270688
1,3750,249930
1,3506,201119
1,4050,309875
1,4110,321849
1,4110,321881
1,3036,107091
1,3078,115463
1,3115,122993
1,3350,169968
1,3384,176770
1,3381,176054
1,3391,178029
1,3399,179693
1,3539,207661
1,3540,207913
1,4822,464308
1,6095,218949
1,6250,249907
1,6261,252118
1,6254,250688
1,6393,278446
1,5150,29907
1,5150,29911
1,6810,361940
1,6678,335582
1,6785,356839
1,6677,335270
1,6782,356289
1,2862,72205
1,3323,164410
1,3323,164577
1,3385,176958
1,8245,148822
1,2331,466068
1,2184,436601
1,3537,207209
1,3725,244809
1,3858,271596
1,4550,409807
1,8660,231801
1,12760,51987
1,12832,66349
1,9075,314816
1,9075,314898
1,9936,487032
1,11583,316410
1,11725,344995
1,11557,311360
1,11648,329437
1,11802,360267
1,11463,292411
1,10254,50766
1,10438,87459
1,10926,185048
1,10615,122825
1,10615,122843
1,10602,120391
1,10850,169808
1,10850,169970
1,10882,176372
1,11404,280684
1,11177,235358
1,11282,256260
1,12308,461519
1,12080,415845
1,12080,415932
1,13259,151717
1,13259,151729
1,13802,260364
1,13572,214240
1,13566,213014
1,13566,213107
1,13736,247168
1,13660,231927
1,13778,255572
1,13837,267276
1,13848,269594
1,13832,266383
1,13831,266009
1,13234,146645
1,13264,152664
1,13712,242206
1,13647,229302
1,13505,200944
1,13819,263730
1,13522,204328
1,16856,371091
1,15657,131353
1,15797,159362
1,16717,343295
1,16740,347965
1,16755,350815
1,16801,360079
1,16803,360408
1,16934,386773
1,287,57204
1,2046,409085
1,3922,284233
1,3922,284229
1,9264,352654
1,121,24142
1,146,29051
1,439,87645
1,456,91138
1,456,91153
1,3334,166738
1,664,132719
1,685,136919
1,3951,290039
1,1566,313047
1,1763,352571
1,2517,3368
1,2517,3394
1,8251,150099
1,8357,171278
1,7357,471281
1,9132,326389
1,9546,409096
1,9818,463412
1,9879,475605
1,3002,100320
1,5284,56752
1,5305,60812
1,5305,60924
1,6099,219625
1,6099,219762
1,9142,328324
1,9150,329827
1,9150,329880
1,9358,371402
1,9358,371455
1,9187,337395
1,9516,403187
1,9494,398618
1,9604,420776
1,5383,76412
1,7745,48870
1,7740,47856
1,7740,47912
1,7938,87540
1,7923,84579
1,8003,100509
1,8261,152190
1,7397,479302
1,8747,249274
1,8927,285361
1,8934,286759
1,8933,286591
1,9031,306048
1,9596,419119
1,9655,430993
1,9916,483125
1,10653,130495
1,10884,176640
1,10884,176736
1,10934,186655
1,10681,136069
1,10756,151058
1,10824,164723
1,10842,168363
1,10769,153620
1,11134,226757
1,11052,210390
1,11086,217005
1,11086,217142
1,11101,220033
1,11605,320833
1,12354,470634
1,12623,24409
1,12722,44243
1,12968,93427
1,13149,129684
1,12692,38259
1,13228,145498
1,13239,147767
1,13318,163414
1,12120,423874
1,12125,424896
1,12125,424983
1,12141,428143
1,12423,484517
1,12614,22646
1,12534,6779
1,12553,10540
1,12810,61888
1,12835,66849
1,12835,66990
1,12961,92041
1,13568,213534
1,13297,159258
1,12475,494870
1,12462,492303
1,12506,1160
1,12569,13698
1,12541,8041
1,12853,70465
1,13014,102605
1,13014,102785
1,13016,103166
1,8263,152415
1,4227,345289
1,17075,414911
1,16401,280159
1,16549,309699
1,16575,314973
1,16473,294411
1,16673,334451
1,8672,234325
1,9359,371686
1,9414,382657
1,9705,440907
1,9630,425881
1,9836,467158
1,9648,429403
1,9653,430581
1,9686,437189
1,9906,481082
1,13524,204613
1,13998,299517
1,14002,300312
1,13583,216436
1,13586,217026
1,13695,238942
1,13702,240361
1,13728,245401
1,13743,248451
1,13743,248520
1,13809,261621
1,13809,261636
1,13929,285731
1,16481,296174
1,16564,312626
1,16609,321673
1,16821,364155
1,17052,410347
1,16902,380344
1,16959,391650
1,16937,387279
1,16960,391975
1,16958,391510
1,16958,391530
1,16990,397921
1,17011,402186
1,16966,393133
1,16974,394659
1,17003,400420
1,16971,394153
1,16977,395370
1,17143,428461
1,17084,416789
1,17065,412997
1,17066,413176
1,17097,419247
1,17082,416349
1,17283,456433
1,17342,468315
1,17441,488152
1,17441,488167
1,17365,472817
1,17365,472935
1,17385,476842
1,17385,476971
1,17352,470332
1,17410,481962
1,17409,481672
1,17409,481693
1,17430,485945
1,17403,480530
1,12941,88004
1,12909,81660
1,13203,140525
1,13225,144990
1,13272,154289
1,13178,135428
1,13194,138694
1,13194,138705
1,12896,79046
1,12900,79900
1,12902,80395
1,12918,83428
1,13051,110191
1,13107,121293
1,13043,108556
1,13043,108587
1,13013,102497
1,13048,109466
1,13070,113868
1,13095,118863
1,13125,124996
1,13142,128381
1,13233,146435
1,13061,112177
1,13086,117081
1,13059,111627
1,13265,152997
1,13412,182387
1,13237,147327
1,13258,151407
1,13258,151548
1,13382,176319
1,13226,145008
1,13235,146869
1,13252,150221
1,13255,150905
1,13242,148318
1,13267,153252
1,13389,177665
1,13738,247515
1,13739,247667
1,13739,247762
1,13800,259883
1,14082,316375
1,13177,135305
1,13433,186486
1,13442,188365
1,13294,158724
1,13425,184947
1,13400,179902
1,13686,237109
1,14025,304986
1,13866,273158
1,13947,289397
1,13276,155179
1,13276,155195
1,13277,155358
1,13461,192112
1,13445,188908
1,13466,193143
1,13358,171508
1,13430,185849
1,13392,178313
1,13443,188575
1,14035,306837
1,13444,188745
1,13517,203219
1,13467,193232
1,13501,200063
1,13535,206860
1,13591,218033
1,13591,218189
1,13612,222288
1,13620,223897
1,13701,240017
1,13818,263517
1,14053,310446
1,16788,357538
1,17314,462711
1,17445,488835
1,17500,499895
1,13867,273237
1,13859,271782
1,14009,301697
1,13705,240947
1,13841,268177
1,13877,275236
1,13844,268669
1,13844,268799
1,13805,260921
1,13928,285451
1,14001,300164
1,13938,287442
1,13912,282367
1,2956,91062
1,3167,133209
1,3432,186238
1,3432,186337
1,2511,2175
1,3641,228019
1,16302,260359
1,7668,33443
1,5199,39766
1,5106,21149
1,7647,29314
1,7688,37575
1,7663,32505
1,7676,35162
1,7660,31980
1,7681,36004
1,9233,346503
1,9245,348816
1,9417,383226
1,1660,331933
1,12293,458496
1,3815,262841
1,3654,230762
1,3699,239639
1,3676,235039
1,3812,262299
1,3833,266514
1,4099,319757
1,4168,333598
1,4264,352784
1,8536,207034
1,8536,207099
1,9988,497475
1,9954,490708
1,15852,170283
1,16210,241974
1,16283,256476
1,16232,246397
1,16264,252792
1,16239,247691
1,16273,254541
1,16566,313118
1,16566,313120
1,16322,264275
1,16325,264925
1,16309,261657
1,16310,261991
1,16330,265809
1,16503,300500
1,16356,271082
1,16413,282534
1,5294,58643
1,8392,178392
1,11360,271824
1,11342,268351
1,9282,356282
1,11675,334881
1,11706,341192
1,11755,350924
1,11786,357002
1,11905,380833
1,11905,380931
1,11822,364389
1,10133,26526
1,10091,18053
1,10316,63038
1,10564,112657
1,10294,58716
1,10317,63307
1,10391,78048
1,10497,99386
1,10592,118277
1,10937,187371
1,11636,327023
1,11340,267856
1,11154,230789
1,11159,231791
1,11173,234469
1,10868,173413
1,10868,173491
1,10848,169471
1,10869,173604
1,10869,173742
1,10958,191445
1,10981,196103
1,11420,283938
1,11133,226546
1,11176,235168
1,11350,269948
1,11299,259640
1,11481,296190
1,11705,340844
1,11526,305156
1,11781,356173
1,11783,356537
1,11783,356543
1,11844,368699
1,11832,366390
1,12092,418397
1,12229,445654
1,12380,475933
1,12258,451426
1,12321,464083
1,12250,449893
1,12223,444505
1,12262,452213
1,12262,452400
1,12217,443348
1,12228,445419
1,12228,445581
1,12295,458930
1,12365,472915
1,12411,482130
1,12416,483035
1,12416,483191
1,12646,29081
1,13100,119890
1,12743,48447
1,12743,48600
1,11954,390738
1,12062,412262
1,12062,412332
1,12062,412376
1,12085,416921
1,12257,451312
1,12249,449696
1,12212,442338
1,12375,474915
1,12484,496792
1,12466,493080
1,12285,456958
1,12291,458074
1,12309,461705
1,12870,73940
1,5982,196371
1,5983,196528
1,6158,231495
1,6178,235438
1,6178,235486
1,6180,235910
1,6194,238781
1,6186,237159
1,6204,240632
1,6206,241184
1,6215,242832
1,6264,252767
1,6272,254221
1,6279,255681
1,6315,262904
1,6324,264681
1,6320,263858
1,6332,266201
1,8305,160903
1,6732,346210
1,6732,346345
1,6749,349766
1,6767,353382
1,6805,360895
1,6819,363743
1,6821,364162
1,6845,368808
1,10153,30434
1,10139,27742
1,10269,53706
1,10162,32331
1,12862,72245
1,12862,72256
1,10979,195635
1,11619,323616
1,11546,309123
1,12053,410531
1,11031,206137
1,11214,242722
1,11402,280302
1,10622,124245
1,10738,147596
1,10649,129771
1,10650,129859
1,10745,148914
1,10931,186171
1,11088,217543
1,12151,430055
1,12205,440885
1,10717,143286
1,10609,121761
1,10806,161074
1,10630,125941
1,10780,155804
1,10784,156748
1,10840,167933
1,10785,156820
1,10867,173299
1,10877,175305
1,10920,183937
1,12362,472226
1,11042,208274
1,11068,213447
1,11112,222244
1,11586,317164
1,11586,317194
1,11702,340291
1,11918,383456
1,11950,389994
1,11940,387889
1,12927,85382
1,12958,91453
1,13342,168334
1,13375,174822
1,13836,267183
1,14102,320216
1,14127,325331
1,14208,341590
1,273,54519
1,5862,172333
1,9112,322368
1,9438,387582
1,9881,476018
1,2531,6160
1,5331,66006
1,5331,66169
1,8772,254242
1,8880,275929
1,14180,335836
1,14180,335969
1,12783,56566
1,15109,21776
1,6018,203509
1,9401,380156
1,9669,433759
1,9058,311508
1,9980,495984
1,7682,36213
1,8639,227633
1,8732,246217
1,3639,227679
1,3639,227695
1,6768,353594
1,9573,414458
1,9759,451764
1,9858,471421
1,9903,480541
1,16075,214958
1,7452,490252
1,7473,494474
1,7475,494841
1,8757,251244
1,7511,2083
1,8062,112356
1,8070,113840
1,9566,413038
1,14200,339916
1,14273,354455
1,14273,354478
1,14223,344464
1,14303,360481
1,14304,360619
1,14319,363664
1,14396,379006
1,14789,457776
1,14987,497206
1,15012,2216
1,15037,7292
1,15129,25658
1,15181,36044
1,15105,20814
1,15108,21487
1,15094,18679
1,15117,23212
1,15098,19419
1,15469,93658
1,15114,22651
1,15122,24293
1,15203,40495
1,15176,35109
1,15398,79573
1,15448,89412
1,15615,122888
1,1967,393226
1,2365,472891
1,2370,473949
1,1758,351555
1,1909,381712
1,1911,382164
1,1944,388609
1,1974,394717
1,2293,458465
1,7413,482499
1,3340,167849
1,8716,243078
1,4246,349116
1,1588,317451
1,1747,349205
1,1821,364143
1,2083,416511
1,1951,390068
1,1949,389645
1,1949,389758
1,2089,417719
1,2144,428693
1,2390,477880
1,4328,365539
1,3079,115660
1,1993,398426
1,1993,398523
1,1628,325452
1,1826,365049
1,1902,380388
1,2001,400136
1,1994,398734
1,1998,399531
1,2340,467914
1,2340,467963
1,2068,413402
1,2134,426747
1,2145,428959
1,2169,433746
1,2707,41239
1,2744,48784
1,1532,306369
1,1538,307584
1,1546,309002
1,1546,309176
1,1597,319228
1,1987,397214
1,2167,433304
1,2790,57840
1,7568,13462
1,9901,480147
1,9377,375329
1,9515,402836
1,9524,404749
1,2248,449416
1,2259,451685
1,2916,83087
1,2916,83139
1,3048,109593
1,3060,111992
1,3210,141837
1,3484,196699
1,4062,312357
1,3862,272229
1,3862,272303
1,3866,273118
1,3597,219320
1,3965,292864
1,3965,292992
1,3975,294839
1,3975,294871
1,3981,296095
1,2318,463477
1,2345,468927
1,2408,481466
1,2368,473497
1,2466,493181
1,3027,105349
1,2750,49900
1,3025,104938
1,3963,292471
1,3117,123302
1,3962,292366
1,4012,302361
1,4343,368474
1,4245,348829
1,4278,355448
1,4302,360322
1,4317,363267
1,4346,369043
1,3386,177039
1,5176,35108
1,5349,69629
1,5354,70689
1,5388,77419
1,4076,315190
1,4320,363957
1,4406,381195
1,4430,385830
1,4433,386553
1,4540,407841
1,5628,125575
1,6919,383706
1,6919,383741
1,91,18144
1,208,41506
1,208,41577
1,240,47906
1,309,61693
1,840,167816
1,972,194211
1,1313,262566
1,1362,272244
1,5928,185553
1,426,85022
1,603,120493
1,819,163741
1,1282,256336
1,2220,443931
1,2065,412822
1,5822,164320
1,5795,158860
1,5795,158930
1,6014,202667
1,7816,63073
1,8760,251828
1,7528,5504
1,7540,7813
1,7997,99325
1,7960,91850
1,7845,68921
1,7850,69979
1,8602,220213
1,8606,221024
1,8606,221042
1,9194,338657
1,9194,338791
1,9195,338862
1,9227,345251
1,16536,307034
1,16536,307158
1,16545,308843
1,16545,308957
1,15015,2989
1,15013,2584
1,15035,6950
1,15048,9524
1,15061,12005
1,15061,12183
1,15183,36451
1,15305,60960
1,15211,42149
1,15744,148656
1,15796,159036
1,16052,210341
1,16061,212121
1,2444,488759
1,1913,382567
1,2110,421814
1,2146,429161
1,6912,382326
1,6912,382359
1,7398,479571
1,7874,74793
1,2703,40589
1,2727,45388
1,7733,46407
1,7733,46559
1,8410,181989
1,8422,184327
1,9868,473462
1,5535,106978
1,3393,178438
1,3393,178472
1,3438,187411
1,3438,187519
1,5422,84367
1,7546,9182
1,7485,496848
1,7485,496901
1,3998,299473
1,4395,378939
1,4771,454109
1,5665,132873
1,5680,135915
1,5011,2200
1,5050,9864
1,5050,9972
1,6063,212560
1,15910,181941
1,16078,215584
1,7246,449174
1,7358,471458
1,7629,25700
1,8664,232665
1,8664,232685
1,7526,5045
1,7534,6659
1,7534,6794
1,7536,7137
1,8110,121845
1,8115,122874
1,8207,141302
1,8707,241348
1,8265,152977
1,8266,153022
1,8469,193763
1,7379,475689
1,7578,15593
1,7812,62245
1,8324,164608
1,8562,212206
1,8941,288018
1,7256,451047
1,7311,462175
1,7314,462672
1,7315,462818
1,7315,462848
1,7313,462514
1,7361,472080
1,9291,358071
1,9148,329594
1,7566,13190
1,7721,44052
1,8024,104799
1,7872,74268
1,8148,129590
1,8183,136522
1,8221,144162
1,9615,422999
1,9815,462920
1,15198,39429
1,15198,39569
1,15471,94033
1,15262,52310
1,15304,60723
1,15334,66794
1,15293,58423
1,15293,58578
1,15470,93942
1,15465,92941
1,15465,92979
1,15523,104423
1,15523,104432
1,16042,208240
1,16100,219916
1,2921,84079
1,511,102015
1,511,102158
1,513,102586
1,708,141544
1,876,175139
1,826,165195
1,829,165746
1,881,176010
1,1633,326506
1,1334,266752
1,373,74442
1,2705,40842
1,2687,37234
1,3491,198060
1,3491,198146
1,683,136499
1,842,168344
1,688,137450
1,5687,137251
1,7251,450040
1,7378,475460
1,7378,475462
1,8119,123785
1,7515,2971
1,7597,19382
1,7691,38154
1,8284,156614
1,8479,195719
1,8954,290622
1,8973,294506
1,8527,205227
1,8770,253895
1,14280,355815
1,14359,371624
1,14343,368504
1,14388,377414
1,14388,377525
1,14382,376214
1,14392,378353
1,14524,404718
1,2058,411473
1,2181,436070
1,2212,442271
1,2271,454195
1,5029,5636
1,5029,5672
1,4681,436032
1,3846,269003
1,4007,301238
1,4039,307690
1,4631,426055
1,4799,459775
1,4779,455685
1,15784,156743
1,15809,161696
1,15807,161206
1,15807,161280
1,15857,171280
1,15959,191733
1,15859,171737
1,15859,171744
1,15888,177476
1,15842,168236
1,15886,177110
1,15906,181092
1,15911,182174
1,16203,240462
1,16203,240597
1,16226,245064
1,16204,240657
1,16209,241649
1,16222,244343
1,16288,257580
1,16258,251401
1,16393,278574
1,16316,263041
1,16327,265253
1,16402,280374
1,16340,267819
1,16391,278149
1,16391,278194
1,16366,273073
1,16379,275792
1,16456,291198
1,552,110213
1,556,111077
1,919,183716
1,774,154782
1,777,155296
1,938,187501
1,1930,385894
1,1001,200123
1,1001,200184
1,1330,265858
1,1006,201095
1,1297,259270
1,1297,259360
1,1323,264467
1,7609,21648
1,7613,22585
1,8142,128286
1,8460,191834
1,8605,220844
1,8605,220970
1,8557,211354
1,543,108488
1,15672,134364
1,2139,427632
1,2139,427739
1,7239,447782
1,9172,334219
1,9179,335703
1,9179,335774
1,992,198261
1,1170,233909
1,1016,203176
1,1397,279229
1,1182,236323
1,1178,235490
1,1179,235750
1,7275,454841
1,5035,6905
1,5040,7892
1,4840,467958
1,4844,468669
1,6056,211133
1,6276,255150
1,6263,252466
1,6291,258097
1,6291,258140
1,6295,258835
1,9747,449226
1,7270,453919
1,7270,453926
1,5804,160722
1,4547,409321
1,4827,465203
1,5360,71827
1,5360,71901
1,8313,162430
1,5893,178437
1,6774,354742
1,4853,470531
1,4854,470626
1,4854,470772
1,4917,483208
1,4951,490052
1,6480,295913
1,8780,255944
1,8176,135070
1,8291,158045
1,5676,135047
1,5676,135191
1,5751,150145
1,5753,150422
1,7258,451542
1,7257,451203
1,6752,350388
1,8771,254032
1,8771,254197
1,14270,353914
1,14282,356384
1,14284,356654
1,5668,133421
1,5864,172727
1,5834,166609
1,6534,306601
1,6513,302542
1,6513,302595
1,9667,433311
1,9761,452113
1,6248,249543
1,6044,208713
1,6100,219913
1,6481,296050
1,6495,298803
1,6495,298939
1,6496,299088
1,329,65695
1,3353,170419
1,2904,80720
1,2906,81099
1,2906,81123
1,7633,26570
1,8036,107008
1,8873,274592
1,2175,434826
1,1105,220941
1,769,153633
1,851,170082
1,5653,130585
1,9218,343587
1,122,24311
1,122,24400
1,160,31868
1,178,35476
1,2866,73006
1,7552,10228
1,8876,275130
1,6500,299958
1,6500,299981
1,7056,411187
1,7387,477335
1,9123,324503
1,9323,364593
1,9328,365556
1,9339,367775
1,9340,367804
1,2276,455069
1,2484,496627
1,2489,497636
1,3008,101478
1,4274,354750
1,4796,459168
1,9078,315574
1,9740,447817
1,9826,465139
1,9746,449144
1,3464,192637
1,5711,142087
1,5568,113546
1,5604,120778
1,5622,124248
1,5713,142492
1,3776,255166
1,4453,390522
1,4590,417949
1,4609,421648
1,6241,248082
1,6241,248161
1,6268,253482
1,7813,62484
1,8952,290250
1,8952,290284
1,8972,294310
1,14271,354054
1,14271,354095
1,14373,374591
1,14441,388069
1,14547,409345
1,14716,443090
1,16088,217557
1,16169,233777
1,16193,238425
1,8450,189948
1,8509,201663
1,8509,201711
1,8468,193501
1,8474,194611
1,8908,281425
1,8863,272504
1,9145,328988
1,16167,233217
1,6647,329217
1,7145,428893
1,6995,398878
1,9714,442764
1,9762,452218
1,6659,331617
1,6659,331632
1,7352,470391
1,8391,178117
1,15485,96942
1,15485,96999
1,186,37189
1,275,54921
1,400,79904
1,2587,17246
1,735,146980
1,698,139498
1,954,190601
1,1812,362247
1,1249,249721
1,7429,485720
1,5542,108222
1,5144,28613
1,2714,42726
1,1992,398312
1,1101,220154
1,1244,248687
1,1251,250040
1,1512,302268
1,1999,399743
1,2423,484485
1,5719,143710
1,5882,176344
1,4687,437284
1,1547,309283
1,2505,949
1,8312,162290
1,2923,84579
1,3017,103382
1,3055,110928
1,5286,57191
1,3545,208808
1,3945,288810
1,3842,268270
1,4424,384658
1,4733,446410
1,6506,301200
1,6885,376974
1,7041,408044
1,8264,152604
1,3277,155374
1,7889,77614
1,8309,161638
1,8267,153232
1,8282,156279
1,9068,313425
1,1722,344233
1,1879,375683
1,3245,148822
1,5245,48999
1,8140,127986
1,8650,229990
1,5932,186202
1,14160,331973
1,14350,369870
1,14228,345568
1,14312,362320
1,8994,298760
1,15041,8049
1,15064,12769
1,15044,8770
1,15076,15056
1,9288,357546
1,14913,482593
1,15527,105385
1,15590,117894
1,250,49919
1,3440,187811
1,2847,69300
1,2878,75545
1,2762,52309
1,3213,142512
1,3123,124426
1,3090,117939
1,3090,117992
1,550,109837
1,5777,155203
1,1387,277209
1,3765,252931
1,116,23158
1,174,34773
1,341,68140
1,394,78771
1,746,149124
1,1409,281729
1,1306,261084
1,1727,345353
1,2014,402741
1,2188,437449
1,7066,413092
1,191,38091
1,191,38128
1,14344,368756
1,14344,368793
1,14423,384418
1,14423,384550
1,14449,389649
1,14449,389781
1,14488,397432
1,14539,407618
1,14539,407686
1,5487,97224
1,5071,14128
1,5132,26207
1,2515,2966
1,2896,79083
1,2717,43330
1,2627,25230
1,2627,25347
1,2886,77150
1,6982,396367
1,3636,227164
1,432,86399
1,465,92929
1,472,94282
1,8888,277404
1,1096,219024
1,1807,361253
1,1352,270274
1,1352,270309
1,520,103950
1,574,114627
1,716,143193
1,716,143199
1,720,143846
1,933,186439
1,927,185340
1,30,5851
1,48,9543
1,49,9755
1,2960,91991
1,15110,21958
1,15222,44316
1,15391,78008
1,1934,386704
1,2007,401290
1,1958,391429
1,4258,351481
1,9451,390099
1,9453,390441
1,14563,412465
1,2002,400220
1,1579,315607
1,1564,312654
1,1606,321193
1,1675,334867
1,1724,344624
1,1735,346943
1,1799,359608
1,1871,374075
1,1984,396651
1,2021,404135
1,2062,412343
1,2978,95470
1,5474,94662
1,8706,241060
1,5054,10707
1,3610,221962
1,3616,223024
1,4254,350697
1,4040,307879
1,4523,404427
1,4578,415497
1,4738,447429
1,4623,424459
1,4691,438150
1,4914,482769
1,6065,212946
1,6371,274042
1,6385,276894
1,6517,303237
1,6520,303930
1,6521,304127
1,6535,306840
1,7368,473486
1,8087,117293
1,16093,218586
1,16146,229016
1,16124,224767
1,16124,224782
1,16197,239386
1,16603,320573
1,5221,44180
1,857,171224
1,2043,408529
1,1205,240948
1,1475,294856
1,5566,113120
1,5572,114307
1,5598,119448
1,4144,328792
1,4025,304967
1,4213,342491
1,4146,329061
1,4151,330189
1,4209,341797
1,4249,349739
1,4249,349766
1,4243,348533
1,4777,455264
1,4383,376441
1,4420,383973
1,4327,365356
1,4327,365391
1,4335,366856
1,4335,366992
1,4582,416353
1,4512,402323
1,4556,411163
1,5722,144309
1,7583,16477
1,7616,23073
1,8117,123297
1,8519,203760
1,8457,191223
1,8457,191325
1,8458,191572
1,8516,203115
1,8860,271921
1,9177,335397
1,15147,29311
1,15159,31649
1,15174,34703
1,15182,36236
1,15218,43554
1,15281,56052
1,7264,452613
1,14755,450842
1,14810,461834
1,14820,463936
1,14859,471797
1,15173,34545
1,15251,50185
1,15264,52752
1,15355,70856
1,15323,64576
1,15366,73151
1,15376,75104
1,15399,79675
1,15423,84427
1,15508,101524
1,15520,103954
1,15904,180795
1,15915,182903
1,15947,189236
1,15912,182319
1,15955,190885
1,15972,194286
1,15977,195320
1,16027,205259
1,16063,212442
1,4342,368203
1,4349,369664
1,4349,369775
1,4369,373661
1,4437,387223
1,4432,386202
1,4432,386353
1,4442,388201
1,4948,489563
1,4977,495310
1,4988,497588
1,5082,16287
1,4957,491295
1,4753,450541
1,4753,450548
1,5165,32872
1,5174,34750
1,5216,43200
1,5231,46125
1,5263,52519
1,10076,15167
1,10403,80417
1,10403,80499
1,10617,123255
1,13214,142654
1,13452,190237
1,13378,175545
1,11861,372109
1,12034,406691
1,12389,477676
1,11155,230953
1,11188,237541
1,11235,246821
1,11193,238560
1,11493,298565
1,11569,313612
1,11800,359890
1,12251,450055
1,12793,58483
1,12934,86786
1,11138,227473
1,11160,231967
1,11329,265617
1,11399,279710
1,11773,354546
1,11773,354590
1,13456,191137
1,13462,192206
1,13474,194668
1,13474,194783
1,13700,239812
1,13700,239909
1,13927,285310
1,14008,301486
1,13982,296288
1,11953,390405
1,11932,386377
1,11941,388038
1,12191,438048
1,1399,279609
1,1399,279685
1,2120,423957
1,2258,451410
1,2258,451424
1,2258,451452
1,3053,110409
1,3327,165324
1,6360,271858
1,4250,349814
1,1463,292486
1,1692,338389
1,1415,282855
1,8386,177165
1,2808,61561
1,3443,188594
1,8683,236598
1,7611,22158
1,5933,186452
1,5987,197260
1,7393,478450
1,6766,353111
1,2155,430900
1,1674,334602
1,1715,342807
1,1715,342868
1,1728,345451
1,2029,405631
1,2029,405795
1,2272,454394
1,1941,388025
1,2178,435487
1,2173,434566
1,2102,420228
1,2478,495566
1,2229,445737
1,7125,424829
1,2936,87140
1,5014,2765
1,4217,343342
1,4329,365752
1,4475,394987
1,4546,409092
1,4768,453510
1,4722,444322
1,4740,447806
1,4814,462601
1,4814,462800
1,4848,469444
1,4910,481812
1,4913,482588
1,7892,78346
1,5678,135496
1,9415,382859
1,9793,458541
1,205,40921
1,79,15732
1,36,7186
1,137,27240
1,70,13830
1,532,106315
1,964,192632
1,648,129538
1,2209,441727
1,1141,228013
1,1355,270961
1,1137,227261
1,1138,227529
1,313,62418
1,348,69405
1,2534,6746
1,2666,33143
1,2676,35063
1,8547,209400
1,8130,125817
1,4058,311417
1,4394,378748
1,5577,115283
1,1209,241656
1,1058,211500
1,1076,215010
1,869,173724
1,869,173728
1,526,105065
1,270,53892
1,2606,21066
1,2589,17629
1,2589,17793
1,2631,26071
1,2757,51354
1,3086,117072
1,2697,39389
1,2715,42926
1,2955,90878
1,2955,90963
1,2965,92930
1,2973,94436
1,2973,94540
1,1973,394586
1,2261,452021
1,2406,481094
1,5880,175973
1,5880,175984
1,1201,240012
1,1201,240091
1,1558,311577
1,1933,386441
1,1627,325275
1,2109,421765
1,2711,42110
1,2944,88775
1,5465,92844
1,7605,20864
1,7852,70298
1,4098,319545
1,3670,233838
1,3679,235738
1,4488,397546
1,4841,468127
1,7355,470856
1,9797,459388
1,15289,57660
1,15289,57684
1,15525,104828
1,16083,216517
1,5202,40239
1,5043,8458
1,3570,213918
1,3622,224272
1,4218,343536
1,4425,384883
1,4425,384947
1,4452,390294
1,4739,447750
1,4587,417313
1,4731,446033
1,4859,471721
1,5865,172908
1,4788,457420
1,7713,42479
1,8647,229333
1,8659,231696
1,8426,185041
1,7674,34649
1,7259,451626
1,6509,301736
1,5767,153230
1,5924,184611
1,9764,452605
1,6082,216301
1,6106,221082
1,5863,172577
1,6512,302279
1,6751,350018
1,8273,154518
1,14164,332764
1,9921,484155
1,9939,487707
1,9945,488933
1,9486,397009
1,9219,343774
1,9476,395116
1,9542,408376
1,9657,431311
1,9847,469269
1,15063,12444
1,16047,209262
1,16047,209274
1,16090,217916
1,15033,6587
1,14720,443996
1,14709,441651
1,14953,490476
1,14989,497754
1,14995,498990
1,14999,499682
1,14999,499764
1,14475,394852
1,14665,432906
1,14629,425724
1,14634,426630
1,14643,428532
1,14698,439552
1,14967,493203
1,14689,437763
1,14736,447189
1,14736,447194
1,14739,447610
1,14758,451447
1,14872,474219
1,14863,472473
1,14863,472525
1,14854,470770
1,14934,486739
1,15078,15519
1,15101,20182
1,15100,19822
1,340,67964
1,435,86958
1,1133,226441
1,1269,253775
1,2036,407006
1,2202,440241
1,591,118064
1,334,66664
1,7527,5312
1,1065,212827
1,555,110828
1,637,127231
1,923,184413
1,645,128971
1,744,148679
1,951,190016
1,4391,378102
1,2812,62348
1,2812,62378
1,2812,62373
1,2812,62391
1,3189,137613
1,2814,62712
1,3259,151793
1,3190,137883
1,3190,137955
1,3302,160396
1,3445,188979
1,3914,282700
1,5573,114492
1,6648,329585
1,3500,199989
1,7968,93414
1,3675,234903
1,3507,201244
1,3508,201501
1,3567,213218
1,3660,231943
1,3890,277884
1,3661,232191
1,3684,236798
1,4138,327419
1,4138,327566
1,3791,258033
1,3828,265492
1,4294,358646
1,4601,420002
1,4053,310514
1,8613,222492
1,8613,222567
1,8864,272750
1,8878,275489
1,9001,300051
1,9077,315317
1,9445,388828
1,9683,436458
1,9683,436504
1,9489,397725
1,9904,480694
1,9977,495250
1,9977,495346
1,15877,175388
1,15725,144831
1,15691,138120
1,15909,181767
1,15909,181781
1,15924,184740
1,15718,143547
1,15736,147068
1,15722,144254
1,15737,147211
1,15834,166660
1,2709,41778
1,3185,136948
1,2832,66337
1,2782,56292
1,2798,59583
1,2854,70706
1,2946,89158
1,3194,138800
1,859,171617
1,9290,357858
1,1424,284762
1,1380,275873
1,2883,76571
1,3099,119670
1,2967,93345
1,3173,134488
1,3212,142298
1,3237,147320
1,3304,160656
1,3292,158274
1,3583,216484
1,3504,200629
1,3497,199296
1,3688,237477
1,3731,246193
1,3732,246371
1,4018,303577
1,4628,425595
1,4103,320449
1,4380,376000
1,4619,423728
1,4720,443885
1,4694,438760
1,5062,12351
1,5069,13720
1,5069,13724
1,5069,13765
1,5122,24224
1,5122,24266
1,5298,59421
1,7714,42666
1,5873,174488
1,5868,173577
1,5892,178347
1,5895,178891
1,5895,178985
1,6121,224013
1,6546,309075
1,6546,309197
1,7309,461620
1,6536,307162
1,333,66473
1,8415,182811
1,295,58988
1,975,194823
1,8567,213241
1,8857,271346
1,15449,89691
1,15524,104735
1,15579,115754
1,15588,117600
1,15591,118177
1,15591,118193
1,15651,130200
1,15788,157532
1,1740,347982
1,2156,431110
1,2201,440085
1,2741,48092
1,3188,137465
1,3188,137474
1,8112,122233
1,8318,163491
1,8643,228438
1,8373,174495
1,8553,210416
1,8657,231371
1,8657,231398
1,8768,253500
1,8804,260769
1,9180,335876
1,9180,335992
1,4832,466369
1,4836,467162
1,4881,476064
1,4881,476153
1,6400,279813
1,6400,279887
1,5033,6403
1,5033,6599
1,5267,53371
1,5446,89086
1,7778,55506
1,7778,55573
1,5702,140369
1,5552,110320
1,6551,310189
1,6658,331426
1,6522,304279
1,6528,305597
1,8440,187931
1,8654,230662
1,9072,314357
1,9072,314374
1,9039,307798
1,9875,474977
1,14294,358653
1,14307,361359
1,14428,385547
1,14537,407289
1,14516,403101
1,14569,413771
1,14569,413785
1,78,15496
1,184,36718
1,68,13467
1,200,39853
1,87,17285
1,2595,18886
1,2596,19070
1,2603,20424
1,2660,31955
1,3919,283647
1,3653,230585
1,926,185191
1,1161,232176
1,2298,459563
1,2402,480259
1,2306,461025
1,2306,461173
1,192,38242
1,192,38256
1,166,33159
1,374,74766
1,2034,406741
1,2101,420003
1,2101,420192
1,1372,274319
1,1468,293546
1,2244,448616
1,5878,175415
1,754,150607
1,755,150840
1,2341,468055
1,1642,328238
1,1885,376921
1,2049,409701
1,2309,461750
1,2425,484825
1,3108,121476
1,3124,124720
1,3256,151107
1,2326,465178
1,2335,466953
1,2404,480624
1,2514,2662
1,2969,93604
1,3321,164148
1,3338,167550
1,3361,172173
1,3358,171562
1,3887,277245
1,9608,421439
1,6357,271235
1,6357,271244
1,7292,458378
1,7294,458790
1,7331,466048
1,9748,449477
1,9205,340871
1,9201,340179
1,9223,344429
1,9256,351002
1,9348,369486
1,9581,416096
1,7707,41387
1,7642,28317
1,7642,28337
1,7690,37981
1,7979,95716
1,16268,253450
1,16307,261239
1,15532,106359
1,15571,114186
1,15559,111722
1,15641,128191
1,15738,147500
1,15745,148811
1,15642,128326
1,15642,128324
1,15724,144669
1,15724,144776
1,8810,261910
1,8496,199057
1,8496,199199
1,8504,200770
1,3662,232331
1,4197,339306
1,4473,394595
1,4153,330477
1,4463,392510
1,4823,464446
1,6143,228500
1,5890,178000
1,4606,421004
1,4193,338452
1,8854,270747
1,5021,4023
1,7615,22812
1,7981,96074
1,7981,96165
1,8824,264791
1,9791,458192
1,9369,373743
1,9024,304742
1,5654,130741
1,7250,449930
1,15716,143105
1,15716,143120
1,16019,203615
1,16019,203637
1,16019,203689
1,4597,419308
1,4607,421215
1,4630,425958
1,4707,441344
1,4713,442503
1,4774,454702
1,4863,472487
1,4826,465038
1,6359,271658
1,5020,3987
1,5493,98594
1,5748,149543
1,5529,105799
1,5544,108776
1,5606,121142
1,5904,180639
1,15300,59997
1,15385,76808
1,15368,73561
1,15374,74662
1,15374,74706
1,15457,91245
1,14821,464041
1,14821,464053
1,15600,119970
1,393,78526
1,519,103752
1,2094,418741
1,6358,271465
1,3629,225699
1,6104,220764
1,6362,272372
1,9691,438023
1,675,134856
1,952,190268
1,952,190308
1,16278,255461
1,16525,304992
1,1388,277546
1,1841,368022
1,7928,85588
1,14459,391667
1,15082,16384
1,9475,394954
1,9319,363790
1,9230,345839
1,9337,367298
1,9338,367541
1,9469,393688
1,15547,109394
1,15543,108553
1,15160,31878
1,15407,81229
1,15450,89958
1,15271,54146
1,15280,55922
1,15354,70658
1,15360,71839
1,15360,71902
1,15403,80592
1,15616,123068
1,15533,106457
1,15546,109027
1,15561,112074
1,15561,112101
1,15561,112158
1,15492,98205
1,15630,125813
1,15633,126419
1,15979,195711
1,16002,200322
1,16152,230278
1,16151,230005
1,16151,230094
1,16179,235602
1,16430,285962
1,16448,289468
1,16448,289489
1,16474,294682
1,16534,306716
1,16555,310825
1,16560,311815
1,16607,321246
1,8453,190457
1,8453,190494
1,7639,27640
1,8399,179672
1,3253,150466
1,5450,89828
1,791,158170
1,530,105830
1,860,171993
1,714,142636
1,864,172710
1,1210,241970
1,1059,211730
1,8419,183727
1,5342,68272
1,2562,12293
1,2919,83697
1,2930,85816
1,5620,123838
1,5638,127505
1,1116,223090
1,3790,257863
1,4828,465440
1,4743,448596
1,5460,91853
1,7817,63391
1,7820,63823
1,8574,214701
1,9371,374025
1,9371,374103
1,9446,389144
1,14713,442466
1,14733,446450
1,14781,456154
1,14775,454814
1,14951,490130
1,14882,476233
1,14849,469800
1,14923,484542
1,14976,495029
1,14976,495180
1,14992,498286
1,14992,498332
1,15030,5815
1,15238,47461
1,15005,829
1,15005,842
1,15018,3570
1,7120,423915
1,7143,428556
1,7406,481146
1,7545,8986
1,7554,10687
1,8531,206173
1,8550,209862
1,8560,211810
1,8811,262161
1,8832,266343
1,9084,316647
1,9084,316752
1,9042,308359
1,7192,438276
1,7224,444628
1,7224,444642
1,7401,480178
1,7558,11524
1,8080,115937
1,7803,60481
1,7945,88945
1,7994,98690
1,7994,98731
1,8013,102499
1,8061,112090
1,8066,113034
1,8295,158864
1,8272,154245
1,8300,159970
1,10008,1580
1,10026,5043
1,10135,26982
1,10106,21057
1,10086,17171
1,10257,51319
1,10373,74472
1,10261,52044
1,10261,52065
1,10255,50900
1,10258,51426
1,10264,52632
1,10264,52656
1,10264,52772
1,10309,61768
1,10215,42951
1,10228,45417
1,10228,45535
1,10260,51975
1,10589,117765
1,10327,65370
1,10344,68613
1,10413,82538
1,10472,94345
1,10626,125031
1,10665,132837
1,10696,139015
1,10696,139145
1,10833,166409
1,13960,291843
1,14081,316138
1,14005,300805
1,14010,301906
1,14022,304308
1,14036,307026
1,17443,488600
1,55,10804
1,72,14257
1,461,92168
1,916,183099
1,1774,354605
1,1437,287313
1,2018,403416
1,1866,373140
1,2087,417367
1,2059,411724
1,2279,455679
1,2289,457637
1,2294,458790
1,2991,98089
1,7919,83679
1,7390,477993
1,3749,249637
1,4033,306572
1,4068,313569
1,14875,474833
1,14879,475630
1,14880,475937
1,16228,245595
1,15646,129078
1,15666,133109
1,8687,237278
1,8693,238523
1,15418,83504
1,9104,320657
1,9189,337645
1,9217,343307
1,9217,343385
1,9547,409363
1,15530,105929
1,15516,103181
1,15518,103577
1,14868,473461
1,14902,480389
1,14828,465592
1,14837,467271
1,14975,494952
1,14796,459072
1,14843,468592
1,14943,488499
1,14935,486843
1,14935,486890
1,14983,496428
1,14983,496578
1,15020,3871
1,15045,8885
1,15031,6077
1,2153,430499
1,2311,462184
1,2296,459053
1,2296,459177
1,2367,473203
1,2367,473355
1,2648,29539
1,3283,156451
1,3221,144140
1,5296,59057
1,5366,73031
1,5366,73046
1,5691,138131
1,5881,176140
1,7053,410452
1,7330,465899
1,7273,454462
1,7298,459597
1,9711,442015
1,9354,370780
1,9861,472116
1,9861,472176
1,9973,494597
1,9987,497205
1,9996,499035
1,8161,132126
1,7772,54379
1,7973,94507
1,7969,93682
1,8088,117503
1,16095,218809
1,16106,221200
1,16136,227131
1,9884,476744
1,14064,312679
1,14064,312705
1,14274,354788
1,14320,363906
1,14564,412679
1,14564,412776
1,14591,418055
1,14598,419517
1,14636,427156
1,14817,463299
1,14748,449582
1,14950,489881
1,14876,475196
1,14878,475418
1,14421,384043
1,14421,384128
1,14229,345605
1,14235,346940
1,14465,392866
1,14482,396204
1,14499,399686
1,14499,399735
1,14204,340633
1,14204,340770
1,14210,341806
1,14415,382944
1,14493,398559
1,14525,404808
1,14525,404840
1,14520,403970
1,14969,493664
1,14545,408803
1,14575,414952
1,14586,417161
1,14604,420666
1,14604,420672
1,14631,426124
1,14659,431710
1,14660,431899
1,14678,435596
1,14785,456924
1,15428,85462
1,15504,100656
1,15573,114560
1,15585,116840
1,15599,119740
1,15599,119762
1,15596,119005
1,15596,119021
1,15798,159477
1,16317,263324
1,1505,300941
1,8721,244089
1,8292,158301
1,5548,109563
1,6137,227389
1,6685,336864
1,7354,470709
1,9021,304015
1,3574,214797
1,3967,293336
1,3973,294470
1,4348,369506
1,5564,112690
1,5080,15870
1,5119,23767
1,5146,29063
1,5171,34057
1,5161,32016
1,5164,32728
1,5169,33731
1,5179,35754
1,5185,36857
1,5185,36935
1,5228,45528
1,5228,45543
1,6266,253123
1,6296,259032
1,6302,260226
1,6302,260305
1,12400,479915
1,12574,14696
1,13990,297979
1,14014,302653
1,14096,319044
1,13205,140833
1,13579,215687
1,13486,197141
1,13650,229926
1,13613,222423
1,13901,280049
1,14125,324954
1,14125,324952
1,13367,173210
1,13545,208889
1,13545,208928
1,13723,244565
1,13775,254811
1,13749,249658
1,13883,276403
1,14061,312015
1,332,66264
1,1691,338117
1,1123,224500
1,1580,315829
1,1580,315944
1,709,141707
1,890,177941
1,715,142940
1,770,153854
1,5998,199457
1,1703,340535
1,2898,79434
1,8022,104250
1,8163,132555
1,13094,118778
1,13167,133315
1,13153,130483
1,9572,414211
1,9270,353801
1,11353,270412
1,11353,270479
1,11425,284852
1,11479,295703
1,11635,326841
1,11821,364119
1,11991,398025
1,12153,430468
1,12116,423133
1,12122,424222
1,12122,424333
1,12723,44549
1,12716,43145
1,12734,46791
1,12754,50793
1,12791,58071
1,16728,345597
1,16844,368640
1,16844,368680
1,16852,370246
1,16913,382599
1,16989,397687
1,17107,421275
1,17107,421290
1,17146,429086
1,17070,413827
1,17172,434315
1,17172,434356
1,17229,445740
1,236,47090
1,77,15315
1,81,16076
1,81,16112
1,107,21301
1,97,19209
1,230,45867
1,260,51933
1,142,28240
1,228,45446
1,217,43355
1,4308,361524
1,9,1689
1,65,12825
1,103,20461
1,458,91436
1,405,80888
1,8658,231588
1,501,100013
1,682,136215
1,818,163564
1,1492,298383
1,1204,240763
1,1080,215978
1,255,50939
1,241,48130
1,408,81451
1,308,61589
1,428,85457
1,5309,61630
1,3759,251659
1,3798,259440
1,3798,259488
1,4324,364718
1,4324,364737
1,672,134296
1,404,80659
1,499,99796
1,2684,36716
1,8404,180619
1,8430,185835
1,3061,112107
1,3096,119184
1,565,112884
1,649,129689
1,795,158851
1,796,159038
1,871,174131
1,1358,271563
1,2374,474653
1,6005,200899
1,584,116744
1,4643,428523
1,6682,336328
1,6691,338103
1,6701,340061
1,6701,340199
1,6705,340927
1,6713,342442
1,6799,359619
1,9346,369141
1,9344,368644
1,9130,325952
1,506,101008
1,669,133747
1,1332,266208
1,1315,262941
1,2417,483349
1,1037,207305
1,1277,255347
1,1268,253493
1,1615,322899
1,1305,260930
1,1371,274075
1,1459,291703
1,1448,289440
1,1600,319848
1,1600,319872
1,1466,293181
1,1480,295946
1,872,174230
1,5140,27927
1,5127,25307
1,5269,53730
1,5141,28164
1,5574,114716
1,5913,182576
1,3528,205564
1,4410,381883
1,4944,488770
1,4645,428831
1,6249,249740
1,4237,347272
1,4426,385056
1,4263,352452
1,4504,400768
1,4277,355226
1,4376,375113
1,4393,378524
1,4460,391958
1,4513,402458
1,4589,417609
1,4589,417690
1,4644,428605
1,4584,416702
1,4648,429596
1,4759,451766
1,4647,429245
1,4912,482324
1,4725,444857
1,4749,449712
1,4754,450636
1,4769,453689
1,4939,487634
1,5856,171171
1,13520,203811
1,13675,234890
1,13497,199357
1,13539,207728
1,13571,214132
1,13571,214192
1,13587,217296
1,13724,244691
1,13630,225846
1,13645,228914
1,13974,294660
1,13747,249336
1,13906,281163
1,14024,304696
1,16870,373904
1,17025,404814
1,17124,424654
1,17208,441557
1,17299,459722
1,17312,462224
1,17434,486704
1,17455,490852
1,17456,491137
1,17489,497689
1,17126,425090
1,17228,445467
1,17098,419513
1,17161,432124
1,17165,432986
1,17166,433168
1,17206,441045
1,17305,460873
